173.253 69.6697
175.958 85.2256
179.533 100.83
183.586 115.57
189.337 129.952
196.854 143.285
205.276 154.916
215.195 163.562
228.308 166.014
241.043 162.538
250.837 152.86
259.277 140.49
266.361 127.618
271.307 113.381
274.104 98.3404
276.1 83.6232
278.154 68.3717
179.487 58.6686
184.462 48.61
194.501 42.7955
206.758 40.6273
217.797 43.5434
233.488 42.3918
244.124 38.8762
255.696 39.8324
265.996 44.5016
271.321 53.924
225.853 54.9905
226.192 62.6324
226.485 70.3955
226.76 78.6882
215.856 88.5753
221.188 90.4898
226.812 92.2662
232.654 90.3312
237.997 88.0602
191.605 62.8742
197.564 58.4922
204.923 58.0179
212.026 61.4794
205.135 63.1736
197.838 63.7836
240.433 60.1581
247.489 56.1839
254.696 56.0536
260.476 60.0466
254.764 61.5699
247.573 61.4683
207.39 118.412
211.288 104.768
219.721 100.455
226.488 101.943
233.502 100.229
242.2 104.015
245.87 117.009
242.249 129.587
234.195 136.12
226.868 137.124
219.77 136.467
211.457 130.958
209.544 117.138
220.147 105.083
226.859 105.147
233.75 104.611
243.251 116.086
233.72 129.318
226.55 130.732
219.688 129.892
