172.553 73.3687
174.705 86.9343
178.08 99.987
182.184 113.509
186.732 126.99
193.951 139.064
203.145 148.593
214.923 154.824
228.484 155.985
242.666 153.259
254.755 146.129
265.624 137.093
273.705 125.929
278.524 112.879
280.861 99.1243
282.228 85.9707
283.707 71.8334
178.827 60.8194
184.226 51.3079
194.33 46.6271
205.759 45.5656
216.348 48.246
234.798 47.0574
245.157 44.6065
255.853 46.0785
265.509 50.9781
270.663 59.8169
226.211 67.7238
226.351 78.3477
226.501 88.5341
226.645 98.8116
215.749 107.555
221.111 109.501
226.728 110.822
232.268 109.208
237.442 107.166
191.157 72.315
197.3 66.4643
205.654 66.8442
212.72 73.6235
205.504 75.9758
196.943 76.1744
239.47 72.7601
246.252 65.5905
254.546 65.2761
260.664 70.5721
255.339 74.337
247.123 74.8526
208.905 125.508
216.551 121.812
222.612 119.831
226.835 121.103
232.027 119.52
238.32 121.11
246.009 124.043
238.639 128.435
232.524 130.233
227.237 130.942
222.644 130.911
216.352 129.773
212.268 125.281
222.732 124.642
227.032 124.935
232.357 124.234
242.307 124.266
232.196 124.255
226.938 125.163
222.545 124.847
