167.577 72.3746
169.194 85.1519
173.39 97.9423
178.781 110.127
185.055 121.227
192.447 131.521
200.643 141.111
210.439 147.86
222.796 149.292
235.099 145.385
244.666 137.14
252.676 126.85
259.287 115.597
264.05 103.499
266.742 90.1383
267.763 77.4841
268.02 64.7352
172.832 45.9001
174.768 34.1939
182.745 25.6377
193.35 22.213
203.583 23.9802
221.169 21.0807
231.048 17.1035
241.741 18.3261
251.021 24.6901
255.571 35.1631
213.302 38.3272
213.742 42.9811
214.091 47.5005
214.428 52.6304
208.017 72.0607
212.387 71.5913
216.421 71.0343
220.684 70.5292
224.999 69.9829
182.482 54.7384
187.742 49.3436
194.832 47.5392
202.28 49.9532
196.082 53.2628
188.909 54.9985
226.842 46.3689
233.474 42.322
240.841 42.5808
247.16 46.7389
241.238 48.5153
233.789 48.212
201.642 105.104
204.723 89.5365
212.428 81.3009
217.451 82.2311
222.445 80.534
231.904 87.0561
236.678 101.801
233.439 114.912
225.161 121.94
219.305 123.186
213.713 122.903
205.828 116.639
204.575 103.877
213.251 88.9542
218.061 88.3585
223.11 88.114
233.788 100.97
223.888 113.956
218.501 115.239
213.29 114.629
