172.472 75.3029
175.146 89.2373
179.05 102.64
183.004 115.796
187.099 128.891
194.151 140.876
203.379 150.552
215.231 157.04
229.236 158.446
244.211 156.127
257.298 149.019
268.643 139.956
276.96 128.607
281.564 115.705
283.657 101.607
285.017 87.8612
287.051 72.6762
177.892 63.8559
183.19 53.9279
193.671 49.3294
205.461 48.0518
216.789 49.7725
233.372 48.714
243.974 46.8366
255.153 48.266
265.7 52.7071
271.627 61.8997
225.894 69.8829
226.104 81.0521
226.303 91.7492
226.605 102.421
215.369 110.128
220.958 112.395
226.855 113.998
232.486 112.276
237.636 109.974
191.111 74.4636
196.975 69.0187
205.311 69.4926
212.325 75.7679
205.037 77.9561
196.739 78.1227
239.381 74.6821
246.034 67.9458
254.445 67.8308
260.82 72.7276
255.143 76.3564
246.813 76.8065
208.573 127.391
215.893 124.048
221.82 122.451
226.541 123.69
231.793 122.09
238.497 123.313
246.028 126.37
239.056 130.062
232.614 131.263
227.136 131.894
222.199 131.838
215.915 131.058
211.808 127.06
222.038 126.846
226.77 127.265
232.248 126.398
242.471 126.404
232.14 125.808
226.759 126.576
221.914 126.253
