184.632 65.0879
184.861 79.2043
185.059 92.7788
185.472 106.398
188.116 119.48
195.176 130.4
204.703 139.688
216.779 147.076
231.094 150.283
245.244 149.088
257.212 142.205
266.987 132.934
274.181 122.682
278.863 111.471
281.763 99.8446
284.266 88.2757
286.99 75.7958
193.032 57.7707
199.794 48.8426
211.099 44.7674
223.247 44.5245
234.565 48.6345
253.574 50.0107
263.725 47.8213
274.178 49.4412
283.126 55.3992
285.623 66.1881
243.077 63.8672
242.46 74.2426
241.793 84.3021
241.017 94.6347
225.627 98.2388
232.172 100.891
238.747 103.713
245.05 102.588
251.222 101.074
205.004 64.1112
212.157 60.4853
219.805 61.4934
226.537 67.8094
219.057 67.7715
211.258 66.9444
254.313 70.7001
261.691 65.9026
269.027 66.278
274.465 71.5646
268.894 72.8674
261.376 72.3338
210.088 108.509
221.177 108.619
230.618 109.509
236.837 111.621
243.613 110.747
251.496 112.068
260.459 113.233
250.033 119.02
241.793 121.265
234.773 121.336
228.122 119.884
219.159 115.787
213.664 109.551
229.99 112.901
236.463 114.367
243.234 114.139
256.899 113.983
242.454 115.737
235.645 116.094
229.095 114.638
