180.785 65.0046
182.313 77.7198
184.678 89.7611
186.963 101.89
189.634 114.34
195.82 125.009
205.245 133.501
217.407 139.58
231.222 141.441
244.976 139.677
256.451 133.86
265.765 125.986
272.638 116.032
276.086 104.307
278.591 92.0414
281.056 80.2387
283.134 67.5213
187.759 53.4174
193.532 43.908
204.039 38.499
216.113 37.0799
226.983 40.6436
242.896 40.4135
253.056 37.2528
264.114 38.7884
273.65 44.2386
277.816 54.5287
235.078 54.8756
235.004 63.7038
234.867 72.2135
234.695 81.0422
222.449 90.5833
228.147 92.2487
233.883 93.5674
239.505 92.5176
244.841 90.9334
199.757 61.523
206.046 57.4536
213.147 57.4391
220.484 61.766
213.342 63.2784
205.917 63.6322
247.194 61.951
254.578 57.7283
261.687 57.9634
267.6 62.0524
261.713 63.9675
254.335 63.6281
211.731 109.033
220.066 104.726
227.137 102.792
232.576 104.465
238.364 103.022
245.19 105.525
252.591 109.949
244.832 113.726
238.15 115.029
232.086 115.574
226.423 114.992
219.431 113.138
215.219 108.885
226.935 107.547
232.49 108.233
238.366 107.713
248.865 109.779
238.183 108.484
232.309 109.185
226.763 108.434
