175.281 69.4083
178.138 82.1362
181.498 93.7176
184.274 106.229
187.438 118.727
193.776 129.059
203.068 137.109
214.747 142.174
228.329 143.398
242.048 141.606
253.576 136.368
263.079 128.512
269.548 118.45
272.699 106.816
274.591 94.7425
276.516 83.0154
278.478 69.6724
181.189 57.2761
186.4 47.7755
196.406 42.8195
208.021 40.4228
219.113 41.7405
232.394 41.1194
243.216 39.5419
254.865 42.141
264.932 47.2996
270.045 56.7363
226.963 57.5104
227.243 66.4261
227.439 75.068
227.586 83.949
217.211 93.9768
222.324 95.5407
227.573 96.8697
232.903 95.6294
238.048 93.8672
192.425 64.1253
198.243 58.6697
206.102 58.3776
213.454 63.9422
206.437 66.0396
198.429 66.7072
239.84 63.3249
246.798 57.5276
254.424 57.6838
260.53 62.829
254.816 65.2774
246.995 65.1405
211.075 114.101
216.92 109.089
222.751 106.812
227.883 108.365
233.217 106.777
239.597 108.927
246.551 114.053
240.014 116.219
233.68 116.608
228.067 116.974
222.706 116.468
216.761 115.775
214.055 112.977
222.853 110.861
228.078 111.606
233.547 110.863
243.101 112.974
233.487 111.485
228.01 112.076
222.752 111.387
