174.232 76.8294
176.777 90.8488
180.415 104.651
184.278 118.012
188.218 131.195
195.158 143.434
204.626 152.792
216.996 159.273
231.035 160.754
245.749 158.25
258.842 151.028
269.97 141.797
277.638 130.255
281.576 117.211
283.65 102.992
285.152 89.2979
286.54 74.831
179.46 63.8836
185.271 54.8547
195.508 50.4433
207.127 49.8568
217.781 52.984
236.51 51.4437
246.55 48.0482
257.463 48.4972
267.533 52.7098
273.462 61.2705
227.84 71.1754
228.036 82.3339
228.217 93.131
228.448 104.204
217.177 111.749
222.802 114.061
228.687 115.75
234.371 113.735
239.514 111.19
192.738 77.2189
199.079 73.3964
206.621 73.5174
213.895 77.6445
206.619 79.6554
198.966 80.0182
241.301 76.7125
248.56 71.7734
256.262 71.5289
263.025 74.8396
256.775 77.982
249.009 78.4046
210.57 128.927
218.07 125.322
223.834 123.958
228.542 125.196
233.928 123.477
240.845 124.531
249.305 126.934
241.495 132.104
234.733 133.756
229.218 134.562
224.177 134.317
218.103 133.256
213.933 128.738
224.021 128.217
228.749 128.602
234.314 127.623
245.579 127.262
234.307 127.999
228.831 128.943
224.017 128.622
