182.818 64.475
184.221 77.112
186.105 88.6344
188.254 100.609
191.212 113.16
197.816 124.075
207.166 132.716
219.302 138.989
233.272 140.894
246.984 139.105
258.261 133.141
267.849 125.312
274.934 115.751
278.581 104.056
280.97 91.745
283.268 80.1104
285.551 67.5353
189.729 53.6561
195.448 43.7506
206.311 38.2121
218.641 36.7644
229.619 40.5532
244.772 40.158
255.366 37.078
266.767 38.7302
276.564 44.2661
280.551 54.8773
237.166 54.9989
237.042 63.7439
236.919 72.2478
236.741 81.0074
224.358 90.5361
230.119 92.3125
235.822 93.6947
241.457 92.6965
246.808 91.1836
201.898 61.2664
208.385 57.1157
215.728 57.1488
222.808 61.6884
215.793 63.1203
208.209 63.4321
249.173 61.9554
256.706 57.5808
263.99 57.8384
269.92 62.0685
264.047 63.9736
256.551 63.6659
214.298 108.285
222.115 104.08
229.085 102.248
234.478 104.151
240.371 102.817
246.884 105.414
254.076 109.669
246.374 113.08
239.815 113.968
233.707 114.346
228.015 113.58
221.317 111.618
217.809 107.904
228.814 106.907
234.346 107.719
240.307 107.314
250.367 109.275
239.999 108.046
234.016 108.554
228.456 107.612
