173.118 70.7896
175.384 84.393
178.658 97.4196
181.762 110.363
185.611 123.13
192.384 134.382
201.264 143.532
212.603 149.925
226.385 151.47
240.239 148.783
251.307 141.488
260.554 132.364
267.525 121.282
271.251 108.545
273.401 95.3417
275.667 82.3981
277.841 68.4844
179.23 56.7225
183.826 46.4833
193.508 41.2164
204.656 40.3191
214.759 43.5932
236.352 42.2811
246.078 38.9886
256.473 39.7129
265.826 44.9143
270.151 54.94
226.124 61.7718
226.393 71.4885
226.663 80.9111
227.025 90.4297
215.789 100.232
221.13 101.85
226.564 103.134
232.04 101.698
237.138 99.8429
190.812 67.69
196.854 61.0669
205.345 61.0461
212.709 68.3336
205.486 71.1339
196.574 71.5234
238.894 67.2826
245.895 59.6703
254.364 59.2583
259.988 65.5183
255.144 69.4603
246.537 69.7729
206.79 120.299
214.878 115.177
221.558 112.742
226.266 114.235
231.715 112.366
238.433 114.405
245.881 118.678
238.992 122.98
232.331 124.94
226.592 125.625
221.504 125.45
214.567 123.839
210.472 119.896
221.637 118.23
226.434 118.58
231.942 117.746
242.384 118.434
231.983 118.539
226.525 119.52
221.636 118.988
