162.647 83.0054
168.629 95.5503
174.408 106.783
179.568 117.817
184.904 129.457
193.344 138.863
205.045 146.241
218.419 150.857
232.817 150.174
246.202 146.085
257.576 137.657
266.875 127.055
272.973 114.639
274.278 100.638
273.101 86.4731
271.286 72.2848
269.861 57.32
165.003 69.3205
167.104 57.9586
175.284 51.4339
185.241 48.2596
195.827 48.2311
213.284 44.0241
223.044 38.9703
233.901 37.664
244.893 40.2908
252.967 47.1519
208.204 62.9958
210.358 72.3404
212.359 81.3926
214.5 90.7136
206.856 102.205
212.245 102.574
217.815 102.413
222.889 100.109
227.621 97.76
178.164 76.902
182.365 70.9525
189.567 69.2861
197.424 72.7806
191.187 76.6893
183.64 78.4956
223.308 65.6338
228.805 58.9162
236.753 57.383
243.911 60.3184
238.936 64.5526
230.898 66.1001
204.532 121.869
209.845 116.64
214.778 113.358
219.593 113.825
224.259 111.002
232.237 111.246
240.456 113.107
234.957 118.032
228.295 121.438
223.191 123.126
218.168 123.786
212.276 124.509
207.465 120.684
216.149 118.252
220.915 117.949
225.942 116.101
237.076 113.51
226.062 116.043
221.017 117.827
216.225 118.328
