183.666 64.3344
184.11 78.4345
184.578 91.6856
185.155 105.21
187.52 118.682
194.645 129.868
204.672 139.48
216.814 146.983
231.124 150.388
245.276 149.104
257.166 142.32
266.943 132.829
274.363 122.425
279.197 111.02
282.083 99.2073
284.423 87.4829
287.103 74.6331
192.429 57.9606
199.426 48.7565
210.889 44.7576
223.046 44.5432
234.128 48.9908
252.699 49.9757
262.672 47.3988
273.228 49.0783
282.251 54.9126
284.499 65.8897
242.399 63.7668
241.902 74.1548
241.328 84.2211
240.643 94.6717
225.227 98.3738
231.834 100.993
238.371 103.946
244.737 102.781
250.891 101.149
205.002 64.1382
212.108 60.4476
219.466 61.4007
226.156 67.6841
218.846 67.5736
211.215 66.7367
253.483 70.576
261.084 65.6759
268.371 66.0972
273.86 71.3351
268.172 72.6604
260.688 72.1342
209.519 108.453
220.604 108.641
230.143 109.58
236.37 111.732
242.976 110.767
250.855 111.922
259.565 113.028
249.507 118.889
241.296 121.048
234.362 121.145
227.773 119.836
218.52 115.957
213.074 109.486
229.563 112.763
236.045 114.241
242.621 113.866
256.043 113.704
241.815 115.924
235.162 116.33
228.599 114.881
