176.017 69.1458
177.98 82.0996
180.827 94.4421
183.848 106.806
187.027 119.063
193.387 130.241
202.375 138.888
214.624 144.881
228.503 146.602
242.387 144.683
253.877 138.155
263.322 129.654
270.017 118.66
273.218 106.36
275.556 93.6274
277.951 81.4042
280.366 68.0222
182.672 56.2471
187.524 46.3411
197.252 41.043
208.886 39.7474
219.754 42.9184
239.587 41.803
249.582 38.2775
260.225 39.0174
269.403 44.6153
273.119 54.7001
229.892 58.0206
229.982 67.2936
230.107 76.2994
230.17 85.6744
218.421 95.1364
223.858 96.8054
229.575 98.0248
235.189 96.8424
240.463 95.0825
194.932 65.8442
201.185 61.4808
208.507 61.3044
215.538 65.5883
208.74 67.6138
201.12 68.1243
242.818 64.9726
249.987 60.5685
257.199 60.7452
262.926 64.8258
257.406 67.2551
249.932 66.9953
209.132 114.407
216.938 109.978
223.642 108.018
228.734 109.613
234.362 107.938
240.913 109.964
248.264 114.094
240.884 117.814
234.383 119.202
228.537 119.771
223.252 119.432
216.479 117.999
212.482 114.216
223.568 112.463
228.801 113.024
234.565 112.33
244.67 113.956
234.304 112.951
228.556 113.865
223.36 113.259
