173.911 69.0408
175.733 81.8406
178.613 93.8375
181.528 106.176
184.995 118.27
191.172 129.283
200.108 138.262
212.11 144.623
226.054 146.381
239.982 144.013
251.502 137.559
261.069 129.125
267.994 118.586
271.414 106.415
273.345 93.6425
275.503 81.4565
277.657 67.9906
180.277 55.9678
185.042 45.8877
194.815 39.8769
206.36 38.3323
217.346 41.289
236.037 40.6811
246.147 36.8596
257.212 37.557
266.742 43.0668
270.648 53.5742
226.872 57.3842
227.026 66.4969
227.207 75.4011
227.322 84.5394
216.157 94.5495
221.414 95.9959
226.922 97.0993
232.461 95.8643
237.809 94.1652
192.382 65.2552
198.338 60.3307
205.763 60.0904
212.942 64.9037
206.096 67.2257
198.38 67.8327
239.934 63.948
247.091 58.8646
254.551 58.7962
260.219 63.337
254.82 66.1129
247.183 66.0048
206.886 113.711
214.635 109.162
221.346 107.148
226.229 108.623
231.613 106.941
238.451 108.962
246.165 113.212
238.744 116.831
231.887 118.167
226.212 118.752
221.049 118.538
214.189 117.283
210.312 113.403
221.31 111.595
226.353 112.132
231.871 111.353
242.57 112.939
231.719 112.273
226.143 113.18
221.154 112.643
