174.435 68.2746
176.057 80.5743
178.553 92.3429
181.28 104.376
184.334 116.672
190.381 127.972
199.364 136.742
210.718 142.695
224.197 144.775
238.111 143.453
249.629 137.67
259.923 129.782
267.333 119.348
271.348 107.114
273.705 94.5184
275.661 82.4203
277.642 69.1499
180.987 55.3869
185.722 45.6718
195.552 40.0407
207.278 38.3251
218.212 41.172
236.239 40.791
246.406 37.6136
257.361 38.6961
266.818 44.2256
270.468 54.6226
227.204 56.4286
227.251 65.2816
227.244 73.8361
227.141 82.6359
216.076 93.067
221.223 94.731
226.561 95.9714
231.918 94.8373
237.007 92.9871
192.998 63.7776
199.328 58.9945
206.775 58.854
213.752 63.5005
206.782 65.7571
199.135 66.346
239.676 63.0725
246.985 58.3523
254.449 58.3478
260.219 63.033
254.547 65.5126
246.988 65.2144
206.756 111.9
214.095 107.636
220.648 105.819
225.552 107.419
230.93 105.775
237.345 107.855
244.654 112.169
237.209 115.701
230.673 116.683
225.079 117.068
219.943 116.577
213.591 114.932
210.065 111.657
220.529 109.821
225.593 110.556
231.069 109.87
241.179 111.974
230.699 111.368
225.207 112.053
220.204 111.329
