173.121 70.4905
174.975 82.9139
177.869 94.6387
181.197 106.726
184.752 118.898
191.072 129.976
200.12 138.573
211.941 144.312
225.773 145.736
239.74 143.826
251.279 137.758
261.285 129.54
268.552 119.197
272.202 107.215
274.335 94.5583
275.807 82.6526
277.12 69.6029
179.714 55.1627
184.048 45.1648
193.428 39.404
204.653 37.8777
215.337 40.458
235.064 39.2981
244.967 36.0671
255.766 36.8904
265.151 42.5183
269.051 52.5664
225.673 57.1399
225.813 66.3397
225.923 75.2407
225.991 84.3457
215.272 94.6927
220.496 96.1826
225.895 97.4555
231.269 96.2336
236.583 94.4388
191.566 65.1794
197.38 59.9254
204.95 59.6967
212.164 64.6695
205.264 67.2551
197.378 67.8535
238.82 63.7885
245.9 58.2974
253.557 58.364
259.386 63.3018
253.801 66.0115
246.027 65.955
206.358 113.868
213.692 109.514
220.49 107.407
225.595 108.928
230.889 107.167
237.824 109.111
245.634 113.24
238.048 116.813
231.183 117.835
225.648 118.305
220.361 118.069
213.547 116.949
209.452 113.534
220.605 111.835
225.798 112.466
231.221 111.584
242.151 113.026
230.985 112.088
225.531 112.923
220.408 112.449
