173.628 70.7841
175.876 85.8898
179.3 100.634
183.52 114.852
189.151 128.526
196.237 141.614
204.897 153.603
215.623 161.718
229.322 163.8
242.681 160.247
252.542 150.96
261.027 138.687
267.665 125.766
272.28 111.824
274.64 97.1309
276.376 82.5669
277.641 67.6612
179.626 56.4897
185.298 47.2134
195.479 42.1385
207.273 40.5596
218.207 43.2133
233.945 42.0504
244.013 38.2963
255.205 38.6572
265.279 42.8999
270.557 52.0011
226.201 54.612
226.566 62.4205
226.903 70.319
227.281 78.6935
217.187 89.5376
222.216 91.1057
227.443 92.4116
232.814 90.8059
237.537 88.855
191.852 62.7704
197.768 57.8795
205.316 57.3867
212.569 61.5422
205.601 63.2266
197.974 63.9402
239.926 60.0122
246.835 55.3378
254.224 55.2449
260.056 59.6516
254.506 61.2937
247.122 61.2518
208.271 118.24
213.493 107.026
221.987 102.272
227.535 103.492
233.263 101.834
241.601 105.817
245.886 116.873
241.714 129.724
234.097 136.192
227.94 137.225
221.89 137
213.404 131.676
210.722 117.569
222.242 107.232
227.785 107.06
233.56 106.794
242.795 116.367
233.545 128.512
227.595 129.794
221.881 129.304
