175.777 70.7439
178.941 83.24
182.808 94.6431
185.996 106.605
189.089 119.015
195.316 129.588
204.759 137.613
216.666 142.242
230.131 143.24
243.664 141.12
254.843 135.989
264.125 128.308
270.556 118.191
273.42 106.312
275.434 93.8759
277.569 81.7026
279.43 67.8007
180.703 57.7458
185.483 48.0721
195.327 42.9532
206.926 40.8165
218.495 42.0621
232.129 41.0063
243.028 39.5473
254.603 42.1225
264.592 47.2981
269.854 56.6657
226.68 57.5168
227.024 66.6
227.253 75.3216
227.462 84.2589
218.069 94.3893
222.902 95.6937
228 96.5942
233.16 95.5886
238.148 93.9434
192.503 64.0406
198.334 58.4576
206.439 58.2067
214.158 64.1646
206.819 66.3745
198.528 67.0751
239.139 63.3497
246.284 57.1684
254.178 57.2786
260.456 62.5502
254.661 65.3049
246.596 65.1935
214.903 117.02
219.215 109.561
224.291 106.256
228.751 107.753
233.612 106.025
239.631 108.948
245.874 115.242
240.04 116.565
234.328 117.265
229.235 117.917
224.629 117.652
219.455 117.269
217.905 115.681
224.559 111.123
229.067 111.558
234.038 110.92
242.223 114.289
233.904 111.164
228.991 111.819
224.488 111.447
