174.109 69.0392
176.665 81.5347
180.082 93.0474
182.977 105.237
186.051 117.807
192.41 128.654
201.695 137.427
213.564 143.106
227.715 144.338
241.854 142.127
253.498 136.007
263.329 127.513
270.246 117.048
273.629 104.979
275.751 92.406
277.468 80.0024
278.997 66.2969
180.035 56.8843
184.752 47.1474
194.771 42.2127
206.417 39.9889
218.141 41.0312
231.283 40.5194
242.575 38.8976
254.212 41.3581
264.265 46.3141
269.885 55.4744
226.155 57.1861
226.495 66.0408
226.753 74.4974
226.953 83.2513
215.837 93.5578
221.295 95.1693
227.011 96.4251
232.556 95.121
237.9 93.1805
191.907 63.6285
197.677 58.2376
205.558 58.0963
212.672 63.7693
205.669 65.9371
197.611 66.4683
239.116 62.909
246.073 56.9585
253.93 56.9947
259.966 62.0094
254.298 64.635
246.393 64.6069
208.856 114.15
215.276 109.004
221.762 106.556
227.055 108.13
232.335 106.313
239.032 108.456
245.926 113.39
239.323 116.027
232.962 117.174
227.403 117.725
221.999 117.386
215.304 116.218
211.861 113.47
222.021 111.439
227.327 111.913
232.769 111.077
242.532 112.673
232.579 111.422
227.122 112.295
221.882 111.743
