172.7 78.5886
175.587 92.7415
179.407 106.406
183.473 119.94
187.85 133.3
195.212 145.199
204.714 154.696
216.765 161.238
230.423 162.66
244.86 160.059
257.74 152.771
269.073 143.295
276.929 131.768
281.43 119.02
283.578 105.149
284.922 91.3883
286.445 76.4677
178.061 66.1338
183.529 56.5348
194.079 52.2891
205.854 51.7095
217.289 53.748
235.124 52.3915
246.069 50.4061
257.241 51.5393
267.458 55.9705
273.038 64.8055
227.133 73.4682
227.453 85.1333
227.719 96.2514
228.078 107.37
216.422 114.227
222.138 116.406
228.116 118.061
233.72 116.126
239.027 113.713
191.802 77.2957
197.929 72.103
206.148 72.6267
213.127 78.8278
205.776 81.0012
197.378 81.1442
240.281 78.1568
247.117 71.5537
255.48 71.0898
261.974 75.9539
256.221 79.5616
247.923 80.0374
208.738 130.51
216.897 127.698
223.022 126.369
228.049 127.684
233.55 125.78
240.562 126.575
248.533 128.695
241.193 133.804
234.503 135.638
228.834 136.509
223.546 136.395
217.019 135.054
212.156 130.547
223.272 130.375
228.34 130.752
233.976 129.765
244.827 129.127
234.032 130.179
228.469 131.213
223.292 130.85
