173.163 76.9972
175.562 90.7835
179.275 104.489
183.443 118.069
187.946 131.506
195.361 143.506
204.62 152.755
216.48 159.323
230.066 160.751
244.603 158.39
257.475 151.139
268.663 141.875
277.125 130.632
282.059 117.839
284.567 103.892
285.928 90.0286
287.34 75.0511
178.859 65.5332
184.448 56.0455
194.856 52.0608
206.217 51.4252
217.36 53.3558
234.684 52.0064
245.589 49.8381
256.57 50.8808
266.707 55.384
272.633 64.0817
226.906 72.9412
227.107 84.5323
227.265 95.5385
227.503 106.59
216.327 113.492
221.994 115.704
227.854 117.223
233.613 115.336
238.845 113.028
191.665 76.8945
197.871 71.5893
206.201 72.1651
213.398 78.4201
205.82 80.4998
197.381 80.6305
240.022 77.6076
246.854 70.7945
255.244 70.2795
261.936 75.1229
256.15 78.8586
247.747 79.4216
208.636 130.257
216.978 127.328
222.943 125.903
227.664 127.187
233.211 125.451
240.255 126.349
248.613 128.232
240.887 133.726
234.066 135.686
228.383 136.494
223.407 136.262
217.045 134.99
211.978 130.393
223.112 130.082
227.889 130.505
233.568 129.517
245.159 128.77
233.584 130.056
227.977 130.911
223.104 130.538
