173.622 69.7932
175.056 82.6751
177.069 94.6892
179.406 106.827
182.862 119.06
189.932 129.575
199.693 138.504
212.278 144.604
226.693 146.449
241.239 144.412
253.408 138.16
263.436 129.991
271.099 119.538
274.744 107.191
276.308 94.1446
277.406 81.9568
278.405 68.6178
178.745 60.1189
183.761 49.62
194.173 43.5339
206.4 41.1874
217.879 43.99
235.319 43.2685
246.068 40.1733
257.75 41.7185
268.1 47.3241
272.778 57.8455
226.94 58.5941
227.008 68.555
226.985 78.2056
226.983 88.1484
212.777 94.3347
219.57 96.4358
226.442 98.5177
233.376 96.7305
240.156 94.9112
190.911 64.5404
197.489 60.4172
204.584 60.4073
212.109 64.973
204.774 65.6095
197.426 65.8172
240.635 64.7785
248.152 59.7366
255.393 59.6121
261.837 64.0161
255.521 65.385
247.991 65.4252
200.671 107.341
210.743 105.421
219.155 104.946
225.905 106.562
232.74 105.044
241.83 105.834
252.484 107.176
241.776 112.024
232.799 113.838
225.667 114.417
218.673 113.803
210.281 111.799
204.182 107.868
218.927 108.696
225.857 109.549
232.863 108.763
248.798 107.844
232.809 109.152
225.798 109.958
218.841 109.198
