178.036 66.7173
179.745 80.1816
182.253 92.7744
185.281 105.237
189.197 117.738
196.084 128.906
205.28 138.314
217.007 145.052
230.536 147.251
243.959 145.006
254.652 137.801
263.617 128.642
270.683 117.659
274.548 105.052
277.07 92.176
279.391 79.6624
281.498 66.1099
184.381 55.2448
189.39 45.5077
199.553 39.8427
211.571 37.8977
222.77 40.3052
238.888 39.431
249.703 36.6668
261.056 38.1222
270.903 43.3435
275.289 53.4165
231.608 55.008
231.71 64.024
231.829 72.7915
231.964 81.7877
219.804 91.2503
225.436 93.0397
231.098 94.4256
236.859 93.2515
242.293 91.5097
196.306 62.0951
202.618 57.0208
210.163 56.8491
217.313 61.7419
210.368 63.6321
202.571 64.1963
244.089 61.2323
251.587 56.1454
259.116 56.2458
264.794 61.1361
259.224 63.2596
251.546 63.0516
210.548 111.197
217.502 104.998
224.515 102.626
230.083 104.192
236.168 102.81
243.412 105.404
249.607 111.151
243.21 117.492
236.132 119.967
229.871 120.511
224.073 119.812
217.068 117.039
213.846 110.642
224.447 106.888
230.069 107.453
236.201 107.032
246.279 110.774
236.068 113.089
229.91 113.745
224.25 112.886
