179.305 66.2728
180.882 79.0042
183.279 91.1082
185.889 103.323
189.199 115.452
196.01 126.097
205.375 134.401
217.067 140.132
230.462 141.862
243.805 139.96
254.687 134.12
263.713 126.337
270.518 116.371
274.168 104.688
276.828 92.3864
279.356 80.7476
281.666 68.362
186.266 53.8996
191.788 44.1426
202.227 38.5565
214.1 36.9681
225.134 39.9063
241.558 39.8666
251.957 37.2315
262.952 38.5641
272.481 43.9706
276.591 54.1858
233.407 54.6882
233.397 63.7737
233.428 72.5529
233.408 81.6145
221.332 91.1842
226.813 92.8233
232.421 94.2308
238.066 92.9869
243.401 91.3199
198.218 61.433
204.614 56.6137
212.095 56.6321
219.074 61.5528
212.095 63.3189
204.35 63.7546
245.755 61.5746
253.124 56.6704
260.649 56.8508
266.357 61.6727
260.691 63.8256
252.975 63.4887
211.216 109.799
219.037 105.425
225.864 103.382
231.297 105.142
237.102 103.524
243.887 105.938
251.08 110.329
243.733 113.807
237.012 114.881
231.099 115.298
225.445 114.712
218.593 112.857
214.775 109.564
225.713 107.978
231.277 108.624
237.14 108.031
247.472 110.046
237.065 108.664
231.294 109.301
225.742 108.542
