173.9 68.2093
176.26 83.018
179.538 97.6188
183.499 112.254
188.776 126.398
195.84 139.815
204.603 151.534
214.975 159.622
228.449 162.103
242.38 158.944
253.283 149.652
262.902 137.532
270.457 124.578
275.111 110.151
277.137 95.2891
278.483 80.5638
279.895 65.4314
179.748 57.033
184.866 47.7692
194.726 42.799
206.462 41.1067
217.394 43.6116
233.072 42.5088
243.027 38.6951
254.183 39.1983
264.497 43.223
270.384 51.8318
225.363 55.1816
225.554 62.687
225.665 70.292
225.732 78.4467
215.568 88.6575
220.903 90.6293
226.576 92.2626
232.35 90.4002
237.493 88.1494
191.329 62.6938
197.233 58.2289
204.382 57.8189
211.46 61.5324
204.692 63.0399
197.322 63.6512
240.02 60.0616
246.82 55.725
254.228 55.4827
260.379 59.4952
254.5 61.012
247.081 61.0024
207.928 117.515
212.598 106.212
220.762 101.545
226.661 102.762
232.504 101.088
240.868 105.081
245.983 116.151
241.128 129.021
233.381 134.69
227.084 135.619
220.766 135.334
212.712 130.512
210.303 116.578
221.097 106.46
226.992 106.386
232.851 105.988
243.103 115.517
232.801 127.323
226.727 128.712
220.725 128.1
