162.62 77.2554
166.175 87.495
169.953 97.3544
174.051 107.565
178.405 117.577
185.352 125.976
195.08 131.21
207.257 133.039
220.524 132.06
233.663 129.396
244.627 124.796
254.314 117.864
260.894 108.491
263.027 96.846
263.719 84.9873
264.234 73.3611
264.259 61.0281
164.804 54.6774
166.86 43.4377
174.231 35.2778
184.824 30.9955
195.33 31.7105
212.275 28.4168
222.318 24.2883
233.998 25.3397
244.495 30.8921
250.911 40.1478
206.391 47.3437
207.138 53.7445
207.765 59.9718
208.482 66.4924
201.705 82.5219
206.304 82.523
211.09 82.1731
216.051 81.1142
220.852 79.8087
176.175 63.4465
180.674 57.9623
187.742 56.2057
195.427 58.8426
189.252 62.3173
182.041 64.2842
221.338 53.6346
228.051 48.4531
235.445 48.2048
242.175 51.9524
236.246 54.4538
228.647 54.9717
196.181 105.186
202.059 97.3469
207.563 92.474
212.373 92.9536
217.189 90.621
224.702 93.184
233.38 98.7215
226.69 101.024
220.321 102.667
215.154 103.899
210.174 104.437
203.91 105.117
199.007 103.502
208.669 98.6139
213.486 98.0412
218.521 96.8146
229.473 98.1823
218.812 96.5796
213.776 97.9044
208.994 98.2435
