162.199 82.933
167.739 94.9604
173.117 106.052
178.532 117.007
184.191 128.435
192.221 137.778
202.758 144.81
215.491 148.97
229.356 148.231
242.227 144.104
252.761 135.643
260.595 125.153
265.821 112.511
266.088 98.5781
264.82 84.9477
264.283 72.0414
263.192 58.1217
163.979 70.233
165.71 58.5449
174.049 51.0208
184.806 47.2905
196.206 47.211
214.102 42.9003
224.106 37.8143
235.203 36.7889
245.91 40.1198
252.599 48.184
208.837 62.4649
210.946 71.6589
212.932 80.5135
215.076 89.7662
207.02 101.154
212.16 101.679
217.594 101.918
222.645 99.3975
227.461 96.9275
177.866 75.8488
182.268 70.3622
189.528 68.6005
197.255 72.0912
190.766 75.7325
183.365 77.3854
223.601 64.9031
229.191 58.6035
236.663 56.8911
243.339 59.9158
238.774 63.9648
231.115 65.4421
203.46 121.416
209.121 115.644
214.714 112.119
219.618 112.74
224.126 109.901
231.269 110.349
239.077 112.892
233.912 117.921
227.686 121.133
222.551 122.943
217.406 123.568
211.143 123.731
206.429 120.023
215.941 117.073
220.789 116.699
225.739 114.89
235.503 113.104
225.784 115.226
220.837 117.182
215.906 117.632
