169.518 73.5395
172.555 86.0174
176.293 97.7648
180.228 109.672
184.094 121.8
190.86 132.594
200.709 140.843
213.026 146.184
227.141 147.142
241.467 144.278
253.552 137.672
263.837 129.251
270.853 118.303
273.492 105.311
274.382 91.854
275.295 78.9161
276.441 64.8641
174.322 60.4497
178.246 50.3415
187.765 44.4656
199.233 42.0412
210.589 43.625
229.023 42.0515
238.944 38.2499
250 38.2972
260.141 42.5107
265.4 51.765
220.431 58.6422
221.042 67.9499
221.637 77.0506
222.248 86.4327
211.912 96.2669
217.335 97.5289
223.04 98.4769
228.785 96.7662
234.279 94.731
186.745 68.1031
192.326 62.719
199.77 62.0956
207.149 66.7638
200.203 69.4002
192.583 70.2959
234.587 64.0903
241.359 58.15
249.131 57.5955
255.38 62.0645
249.787 65.1046
241.982 65.4752
205.326 114.984
211.954 110.462
218.233 107.919
223.365 109.159
228.63 107.106
235.935 108.53
244.393 111.789
236.939 115.599
230.06 117.559
224.42 118.605
219.229 118.603
212.616 117.882
208.318 114.529
218.7 112.345
223.82 112.605
229.321 111.516
240.804 111.887
229.325 111.763
223.851 113.101
218.773 112.794
