173.632 69.3852
175.807 84.2754
179.285 98.8657
183.52 113.006
189.112 126.728
196.329 139.695
204.751 151.235
214.71 158.651
227.357 160.782
240.503 157.769
250.788 149.115
260.004 137.354
267.785 125.017
272.693 111.433
275.268 96.6929
276.804 81.771
277.987 66.3928
179.121 57.5913
184.388 48.5366
194.069 43.0345
205.95 41.0099
217.478 43.2083
233.134 42.5204
243.125 39.0212
254.149 39.6633
264.301 43.884
269.935 52.733
225.368 55.347
225.528 62.8998
225.583 70.6866
225.514 79.0803
215.8 90.1204
220.914 91.7911
226.313 93.1108
231.973 91.4271
237.007 89.2103
191.026 63.0876
197.019 58.5716
204.227 58.0682
211.271 61.6583
204.335 63.2989
197.014 63.9377
240.09 60.2598
246.694 56.134
253.979 55.8842
260.095 59.829
254.296 61.533
246.937 61.4383
207.788 117.67
212.568 107.613
220.439 103.013
226.152 104.472
231.646 102.694
239.598 106.782
245.114 116.319
239.812 128.17
232.336 133.181
226.33 134.114
220.269 133.742
212.357 129.211
210.229 116.803
220.703 108.03
226.417 108.001
231.964 107.692
241.998 115.777
231.837 125.879
226.116 127.108
220.316 126.535
