171.272 72.5619
173.306 85.2112
176.098 96.8531
179.48 108.567
183.07 120.483
189.735 131.344
199.313 139.978
211.649 146.073
225.713 147.554
239.822 145.011
251.862 138.285
262.182 129.828
269.682 119.21
273.175 106.846
274.89 93.8664
275.912 81.2752
276.896 67.3648
176.274 60.7054
180.16 50.4145
189.831 44.4039
201.466 42.1695
212.636 44.4885
231.387 42.9139
241.502 39.2355
252.767 39.7635
262.928 44.5948
267.968 54.4356
222.825 59.2668
223.194 68.6674
223.446 77.7699
223.748 87.2202
212.205 96.5771
218.019 98.1359
224.007 99.3374
230.259 97.6537
236.181 95.5875
188.402 67.2756
194.271 62.2182
201.716 61.7924
209.313 66.5413
202.145 68.5151
194.409 69.2163
236.254 64.5621
243.478 58.9511
251.056 58.5538
257.216 63.0389
251.427 65.6352
243.647 65.7729
203.169 113.438
211.435 110.055
218.428 108.192
223.757 109.337
229.275 107.667
236.987 108.781
245.881 111.017
237.199 115.547
229.847 117.603
223.999 118.47
218.546 118.319
211.542 117.178
206.622 113.452
218.567 112.516
224.013 112.889
229.662 111.894
242.032 111.526
229.542 111.641
223.842 112.709
218.44 112.379
