173.588 69.6074
176.045 82.1993
179.169 93.576
182.132 105.664
185.475 118.099
192.104 128.9
201.623 137.409
213.183 143.043
226.961 144.223
240.718 142.233
251.946 135.966
261.633 127.345
268.889 117.085
272.441 104.978
274.585 92.6026
276.347 80.6503
277.859 67.4118
180.281 57.5129
185.616 48.0052
195.544 43.1954
206.919 40.8845
218.022 42.141
232.977 41.6845
243.356 39.8695
254.44 42.3878
264.108 47.2099
269.603 56.0718
226.522 57.8455
226.769 66.5658
226.993 74.9738
227.154 83.6082
216.271 94.0329
221.751 95.4325
227.279 96.5133
232.607 95.3728
237.689 93.6053
191.92 64.1489
197.979 58.6619
205.912 58.4448
213.061 64.1144
205.976 66.3043
197.885 66.9445
238.821 63.3386
245.796 57.4045
253.641 57.3625
259.773 62.4702
254.15 65.1045
246.172 65.1094
207.702 114.256
214.913 108.823
221.601 106.38
226.969 107.888
232.52 106.2
239.403 108.413
246.499 113.534
239.54 116.605
232.934 117.751
227.092 118.287
221.565 117.904
214.8 116.844
211.12 113.471
221.747 111.264
227.194 111.816
232.798 111.079
242.787 112.837
232.647 111.507
227.025 112.282
221.611 111.691
