166.307 75.0965
168.248 86.9647
171.881 98.5356
176.765 109.535
182.844 119.98
189.927 129.341
198.172 137.144
207.859 141.733
219.877 142.974
231.754 140.142
241.643 133.965
250.419 124.538
257.505 114.33
262.471 103.316
265.459 90.7994
266.554 78.2296
267.087 65.4033
171.233 44.6266
173.323 33.6908
181.124 25.6599
191.37 22.1889
200.868 24.5769
217.794 21.8814
227.26 16.9753
238.727 18.4803
248.428 25.2005
253.277 35.2578
210.311 38.758
210.605 43.5099
210.727 48.1156
210.804 53.114
204.729 72.8811
208.909 72.3672
213.231 71.9934
217.68 71.2744
222.073 70.4415
180.296 55.5029
185.243 49.3599
192.201 47.6957
199.799 50.9992
193.544 54.1003
186.397 55.7184
224.241 47.589
230.733 42.4247
238.365 42.4826
244.918 47.2119
238.787 49.012
230.992 48.943
198.589 103.525
201.806 89.3154
208.939 81.2502
214.253 81.81
219.009 80.1013
228.33 85.9859
234.124 99.0549
230.344 111.241
222.418 117.37
216.954 118.563
211.241 118.55
203.471 113.726
201.57 102.301
209.894 89.8374
214.912 88.8698
219.717 88.5005
230.721 98.4024
220.994 107.96
215.896 109.153
210.593 109.065
