186.257 63.7098
186.303 77.335
186.451 90.2949
187.091 103.502
189.119 116.662
195.741 128.019
205.113 137.683
216.978 145.36
231.195 148.758
245.941 147.617
258.043 141.158
267.564 132.243
274.78 121.995
278.842 110.883
281.745 99.5063
284.673 88.2082
287.3 75.7766
193.863 57.4215
201.275 48.2111
212.939 44.5363
225.165 44.7711
236.391 49.4253
255.028 50.8605
264.776 48.1168
274.956 49.4622
283.63 55.0436
285.948 65.8475
244.46 64.5203
243.825 74.7928
243.131 84.788
242.33 95.0863
227.133 98.2687
233.513 100.797
239.84 103.721
245.968 102.733
251.821 101.306
207.126 63.8382
214.009 60.1557
221.505 61.2913
227.978 67.5798
220.54 67.6834
212.913 66.8135
254.97 70.7295
262.437 65.9058
269.814 66.3709
275.095 71.6719
269.601 73.1444
262.074 72.6313
211.59 109.198
222.45 109.248
231.927 109.954
238.088 112.176
244.448 111.229
252.089 112.639
260.468 113.972
250.407 119.636
242.476 121.272
235.79 121.268
229.201 119.917
220.216 115.901
215.088 110.19
231.316 113.555
237.69 115.089
244.026 114.803
256.869 114.724
243.107 115.672
236.692 116.096
230.244 114.593
