179.822 65.2231
181.233 78.0706
183.702 90.0128
185.698 101.966
188.349 114.34
194.671 125.435
203.77 134.075
215.523 140.395
229.158 142.433
242.842 140.867
254.374 135.007
264.086 126.782
271.243 116.303
274.719 104.4
277.47 91.9431
280.072 80.0546
282.324 67.2551
186.676 54.0473
192.059 44.1272
202.387 38.7993
214.262 37.0441
225.251 39.7659
241.75 39.703
252.276 37.0432
263.271 38.656
272.77 44.1048
276.888 54.3722
233.429 54.7778
233.35 64.0074
233.226 72.8826
233.02 82.0057
221.407 91.3276
226.745 92.9164
232.107 94.1334
237.697 93.2192
242.936 91.7366
198.123 61.5655
204.748 56.571
212.302 56.5412
219.231 61.7107
212.217 63.4022
204.339 63.7711
246.074 61.9332
253.568 56.9804
261.105 57.1936
266.75 62.344
261.106 64.3147
253.369 63.846
211.303 109.647
219.079 105.318
225.958 103.188
231.072 104.911
236.589 103.463
243.41 106.086
250.642 110.538
243.108 114.252
236.201 115.562
230.497 115.873
225.173 115.237
218.457 113.142
214.805 109.533
225.612 108.019
230.928 108.709
236.508 108.217
247.102 110.25
236.441 108.878
230.864 109.575
225.602 108.727
