178.752 67.5372
179.874 80.7917
181.781 93.3211
184.235 105.837
187.4 118.741
193.841 130.377
203.259 139.509
215.313 145.905
229.087 148.518
243.818 147.15
256.344 141.46
267.229 133.217
275.222 122.529
279.542 109.979
282.16 96.5637
284.174 83.8147
286.298 69.963
186.137 55.7276
191.948 46.7486
202.655 41.9317
214.739 41.3893
225.779 45.304
243.569 45.235
253.384 41.8149
264.21 42.5896
273.471 47.7191
277.547 57.5533
234.017 60.3567
233.841 69.631
233.615 78.7003
233.321 88.0523
220.902 96.8171
226.696 98.8035
232.613 100.44
238.46 99.2672
243.838 97.3607
198.73 66.9865
205.562 64.6657
212.458 64.5236
219.646 67.1147
212.531 69.0682
205.289 69.3603
246.892 67.4068
254.687 65.2677
261.47 65.5093
267.542 68.0554
261.213 70.1829
254.072 69.6707
211.178 114.793
219.219 110.946
225.946 109.547
231.127 111.27
236.585 109.785
243.043 111.935
250.529 116.113
242.484 119.227
235.965 119.891
230.338 120.158
224.878 119.647
218.228 118.039
214.631 114.543
225.683 113.576
230.949 114.474
236.503 113.959
247.082 115.726
236.244 114.521
230.62 115.055
225.401 114.246
