174.629 69.4135
177.138 82.1272
180.366 93.9493
183.353 106.043
187.045 118.199
193.509 128.705
202.606 137.256
214.075 142.771
227.582 144.249
241.423 142.151
252.624 136.371
262.256 128.269
269.351 118.233
273.365 106.416
275.836 93.7643
277.579 81.3494
279.314 67.8678
180.377 58.0997
185.562 48.312
195.724 43.2208
207.814 40.5427
219.673 41.6183
232.341 41.1384
243.538 39.8116
255.103 42.648
265.077 47.4665
270.122 56.8687
226.805 57.479
226.96 66.2688
227.077 74.8221
227.119 83.8416
216.488 94.2715
221.704 95.7521
227.188 96.8678
232.742 95.7209
238.093 93.9171
192.516 63.9767
198.408 58.6871
206.099 58.4468
213.567 63.9062
206.495 66.039
198.555 66.7102
239.771 63.4364
246.765 57.6952
254.5 57.8414
260.651 62.7047
254.894 65.4215
247.032 65.3653
210.394 114.695
216.289 108.754
222.322 106.422
227.379 107.953
232.796 106.327
239.58 108.614
246.571 114.164
239.986 116.686
233.304 117.259
227.685 117.762
222.443 117.325
216.17 116.425
213.453 113.415
222.45 110.697
227.581 111.283
233.062 110.621
242.867 113.208
233.014 111.618
227.502 112.238
222.392 111.605
