185.736 63.9583
185.534 77.8464
185.685 91.1227
186.559 104.481
189.5 117.533
196.466 128.591
205.745 138.407
217.412 146.162
232.1 149.591
246.546 148.255
258.118 141.533
267.306 132.153
274.564 121.89
279.247 110.792
282.612 99.1044
285.365 87.4168
287.774 75.0566
194.23 57.4698
201.367 48.3946
212.692 44.4308
224.922 44.4438
236.244 48.7174
255.126 50.1657
265.291 48.0682
275.596 49.6253
284.307 55.5673
286.551 66.564
244.888 63.9961
244.155 74.4462
243.431 84.6525
242.549 95.061
227.105 98.2095
233.508 100.755
239.911 103.643
246.132 102.764
252.351 101.528
207.057 63.8914
214.08 60.4233
221.477 61.5772
228.017 67.6476
220.61 67.7275
213.079 66.7676
255.656 70.9706
263.254 66.2231
270.439 66.8032
275.629 72.0635
270.131 73.3822
262.776 72.8807
211.073 108.318
222.208 108.435
231.912 109.351
237.836 111.647
244.317 110.794
252.116 112.242
260.894 113.705
250.407 119.106
242.126 121.025
235.466 120.959
229.144 119.631
220.046 115.469
214.5 109.322
231.206 112.955
237.388 114.592
243.832 114.375
257.223 114.216
242.94 115.388
236.435 115.698
230.235 114.184
