174.073 69.9389
176.262 82.5835
179.498 94.397
182.658 106.552
185.994 119.102
192.392 130.338
201.669 138.911
213.546 144.358
226.965 145.947
241.056 143.7
252.539 137.826
262.888 129.577
270.049 119.246
273.897 107.009
276.153 94.077
278.133 81.6896
279.667 67.8997
180.408 55.6602
185.811 46.8139
195.618 41.8634
207.087 39.561
218.366 40.9148
233.686 39.6685
244.305 38.1216
255.497 40.5678
265.169 45.4967
270.23 54.5817
226.918 57.4729
227.032 66.5178
227.108 75.2356
227.104 84.3506
216.689 94.7855
221.815 96.3114
227.231 97.6743
232.631 96.4224
237.841 94.5341
192.576 64.4114
198.578 59.4438
206.27 59.3891
213.541 64.452
206.437 66.6164
198.591 67.1744
239.565 63.7852
246.638 58.3714
254.328 58.3638
260.537 63.0155
254.841 65.7491
246.991 65.8615
209.727 114.978
215.804 109.39
221.951 106.996
227.011 108.607
232.501 106.987
239.281 109.227
246.256 114.751
239.469 118.184
232.842 119.37
227.056 119.887
221.741 119.378
215.414 117.982
213.063 114.291
222.09 111.798
227.225 112.368
232.854 111.768
242.613 114.265
232.699 112.871
227.07 113.592
221.953 112.95
