173.878 69.6161
176.038 84.6639
179.228 99.6408
183.258 114.388
188.854 128.386
196.046 141.701
204.3 153.397
214.24 161.37
227.417 163.56
240.425 160.209
250.656 151.179
259.871 139.294
267.339 126.593
272.46 112.678
275.259 97.7292
276.772 82.8468
277.954 67.535
179.564 57.1761
184.861 48.0518
194.607 42.8747
206.494 40.8912
217.367 43.1715
233.395 42.2704
243.523 38.8861
254.409 39.7619
264.595 43.9857
270.154 52.548
225.717 55.2914
225.784 63.0415
225.814 70.806
225.822 79.0702
215.728 89.4354
220.909 91.395
226.452 92.9357
232.029 91.1752
237.073 88.931
191.088 63.07
197.155 58.4037
204.474 57.98
211.825 61.7972
204.865 63.2861
197.323 63.9394
239.898 60.4302
246.937 55.9921
254.285 55.8208
260.349 59.9316
254.553 61.3625
247.21 61.3823
207.644 118.76
212.304 106.754
220.695 101.777
226.438 103.031
232.199 101.45
240.624 105.832
245.25 117.057
240.704 130.325
232.846 136.242
226.544 137.33
220.483 136.968
212.163 131.814
210.129 117.778
220.976 106.895
226.656 106.719
232.391 106.46
242.265 116.462
232.377 128.565
226.307 129.795
220.501 129.368
