175.376 68.7035
177.898 81.3112
180.992 92.9826
183.929 105.273
187.159 118.052
193.46 128.975
202.471 137.822
214.234 143.398
228.046 144.57
242.002 142.135
253.483 135.74
262.93 127.074
269.488 116.292
272.507 104.026
274.493 91.8521
276.694 79.7939
278.684 66.3426
181.105 57.9897
186.163 47.7494
196.205 42.2234
207.91 39.9784
219.325 41.2345
233.405 40.5727
244.028 38.8718
255.267 41.1908
264.797 46.358
269.917 55.5115
227.224 57.005
227.548 66.1614
227.767 74.9675
227.95 84.1255
217.084 93.7354
222.418 95.299
227.841 96.5002
233.167 95.4006
238.344 93.6278
192.31 63.9546
198.246 58.4703
206.234 58.1705
213.408 63.6167
206.453 65.9923
198.291 66.7655
239.802 62.924
246.804 57.0777
254.639 57.1883
260.521 62.3166
255.069 65.1369
247.118 65.0093
210.839 114.715
216.444 109.012
222.505 106.207
227.693 107.723
233.254 106.102
240.03 108.913
247.064 114.346
240.469 117.135
233.756 117.965
228.016 118.452
222.436 117.905
216.233 116.852
214.047 113.661
222.595 111.057
227.869 111.6
233.522 111.057
243.593 113.371
233.545 111.803
227.89 112.366
222.56 111.628
