170.594 72.4613
172.997 85.4666
176.385 97.6887
180.035 109.766
183.69 121.955
190.276 132.92
199.91 141.113
212.301 146.33
226.529 147.359
240.971 144.585
253.312 137.807
263.707 129.711
270.82 118.937
273.398 106.242
274.397 93.0158
275.58 80.1627
276.583 66.1533
174.984 60.2239
179.228 50.184
188.94 44.3481
200.507 42.3689
211.861 44.2219
230.516 42.6665
240.454 39.0713
251.582 39.228
261.696 43.4491
266.907 52.8177
221.844 58.7849
222.25 68.1659
222.664 77.2771
223.091 86.5697
212.095 96.4292
217.667 97.771
223.477 98.8637
229.574 97.1277
235.407 95.0314
187.847 67.8121
193.692 62.5685
201.263 61.9918
208.772 66.779
201.717 69.0317
193.887 69.8715
235.679 64.5072
242.829 58.831
250.395 58.3922
256.707 62.9456
250.924 65.7164
243.1 65.9354
205.005 114.77
212.245 110.328
218.581 107.912
223.766 109.124
229.167 107.195
236.359 108.62
245.18 111.728
236.969 115.862
230.13 117.824
224.328 118.818
219.017 118.756
212.508 117.709
208.206 114.301
218.898 112.479
224.073 112.678
229.68 111.78
241.619 111.959
229.633 111.709
224.01 112.918
218.816 112.618
