174.609 69.1327
176.879 81.885
180.301 93.6601
183.421 105.751
186.791 118.087
193.46 128.675
202.91 137.231
215.183 142.476
229.097 143.311
242.662 141.094
253.339 135.235
262.087 126.73
268.534 116.261
271.756 104.182
273.807 91.687
276.165 79.9108
278.006 66.6995
180.556 57.1146
185.537 47.4018
195.582 42.5455
207.102 40.2921
218.433 41.5597
232.871 40.564
243.616 38.8372
254.749 41.279
264.33 46.168
269.19 55.3355
226.613 57.3166
226.867 66.1849
227.118 74.802
227.361 83.7082
216.791 94.0506
222.044 95.4802
227.41 96.5964
232.594 95.3661
237.643 93.6105
192.066 64.1433
198.076 58.9085
206.04 58.6082
213.092 64.0062
206.144 66.4685
198.074 67.1233
239.263 62.97
246.217 57.425
254.018 57.4865
259.869 62.5052
254.489 65.4099
246.598 65.2351
211.196 115.396
216.799 109.165
222.581 106.341
227.699 107.861
233.135 106.153
239.829 108.65
246.421 114.515
240.155 116.188
233.83 116.748
228.194 117.244
222.848 116.999
216.878 116.538
214.422 114.323
222.778 111.088
227.947 111.554
233.512 110.816
242.902 113.484
233.468 110.507
227.983 111.197
222.812 110.767
