166.768 73.8496
168.4 85.5494
172.105 97.0498
177.173 108.334
183.009 119.19
190.16 129.28
199.048 138.111
209.219 143.401
221.38 144.504
233.721 141.035
243.421 134.124
251.482 124.086
257.774 113.355
262.336 101.689
265.663 89.1101
267.122 76.4477
267.395 64.1152
171.763 44.6343
173.993 33.6179
181.762 25.2414
192.313 21.8172
202.154 24.1816
218.007 20.7935
228 16.3713
239.403 17.6717
249.096 24.4391
253.866 35.037
210.954 38.2114
211.264 42.4923
211.497 46.6099
211.683 51.327
205.799 71.5917
209.769 70.6009
213.588 69.6751
217.853 69.4567
222.174 69.0928
180.948 54.7874
185.966 48.8239
192.967 46.9877
200.316 50.1821
194.153 53.4322
187.049 55.1361
224.802 46.5383
231.244 41.6125
238.803 41.737
245.203 46.4993
239.229 48.3026
231.488 48.2229
199.684 104.614
202.626 88.6934
209.805 80.2093
214.743 80.7515
219.432 79.0331
228.804 85.5933
234.086 100.573
230.667 112.893
222.743 119.022
217.381 120.05
211.959 120.097
204.22 115.041
202.737 103.147
210.677 88.348
215.431 87.261
220.102 86.9724
231.13 99.4441
221.473 110.239
216.452 111.345
211.39 111.211
