173.896 67.5024
174.837 80.4621
176.672 92.5395
179.062 104.762
182.217 117.311
189.124 128.284
198.988 137.123
211.399 143.082
225.736 144.786
240.365 142.633
252.615 136.563
262.919 128.462
270.807 118.099
274.54 105.873
276.471 92.731
277.662 80.4569
278.692 67.1564
178.818 58.1074
184.213 47.9632
194.682 41.9703
206.76 40.1297
217.751 43.3718
235.252 42.6596
245.857 39.3388
257.394 40.4811
267.628 45.9485
272.249 56.3101
226.938 57.9789
227.001 67.4339
227.024 76.54
227.109 85.975
213.393 93.9005
219.774 95.7512
226.241 97.3828
232.769 95.9717
239.167 94.3686
191.236 63.9138
197.806 59.5406
205.145 59.5954
212.6 64.4987
205.292 65.471
197.697 65.7551
239.636 64.1223
247.38 58.8444
254.869 58.8414
261.273 63.3549
255.077 65.1563
247.296 65.1921
201.18 107.47
211.287 105.865
219.452 104.943
225.579 106.605
232.196 104.918
240.469 105.983
250.756 107.462
240.084 111.201
232 112.501
225.229 113.088
218.862 112.49
210.877 110.908
204.78 107.837
219.229 109.544
225.586 110.21
232.291 109.317
247.024 107.827
232.096 107.391
225.442 108.149
219.141 107.366
