179.498 66.1868
180.877 78.8512
183.306 90.9826
186.085 103.179
189.242 115.652
195.418 126.75
204.626 135.371
216.335 141.151
229.81 142.921
243.279 141.126
254.412 134.926
264.05 126.915
271.289 116.483
275.07 104.533
277.593 92.0076
280 79.9962
281.987 67.3289
186.29 54.4135
191.553 44.5754
201.563 38.8978
213.392 37.4003
224.425 40.3564
241.833 40.3432
251.936 37.444
262.778 38.7231
272.047 43.9051
276.19 53.7059
233.298 55.4095
233.262 64.4906
233.231 73.2406
233.128 82.2512
221.368 91.8296
226.796 93.5022
232.341 94.7822
237.877 93.7226
243.162 92.0648
197.916 62.0348
204.086 57.0251
211.745 56.9867
218.772 62.2014
211.78 64.0787
203.949 64.5215
245.944 62.1129
253.159 57.0276
260.806 57.1441
266.416 62.1809
260.839 64.4846
253.07 64.1248
211.517 110.397
219.159 106.093
226.082 103.961
231.36 105.609
236.957 104.034
243.627 106.396
250.785 111.064
243.451 114.786
236.68 115.969
230.911 116.492
225.39 115.991
218.469 114.247
214.746 110.338
225.919 108.557
231.303 109.249
237.018 108.741
247.221 110.859
236.776 109.44
231.067 110.14
225.75 109.503
