173.544 70.0735
175.476 85.5221
179.104 100.936
183.642 115.663
189.208 129.927
196.801 143.81
205.511 156.141
216.205 164.348
229.37 166.278
242.303 161.958
252.478 151.101
261.474 138.492
268.918 125.345
273.656 111.046
276.024 96.2054
277.587 81.4461
279.002 66.1819
180.316 56.6496
185.086 46.8222
194.783 41.1494
206.071 39.4781
216.822 41.4822
234.949 41.0829
244.959 38.0908
255.555 39.3516
265.006 44.0107
270.095 52.7098
226.545 57.2496
226.905 66.0043
227.364 74.5413
227.811 83.4411
216.542 94.4099
221.922 96.2538
227.534 97.653
233.02 95.7757
237.946 93.4001
192.084 64.8146
198.373 59.55
206.191 59.2074
213.237 64.0827
206.187 66.184
198.407 66.7866
239.472 62.3974
246.584 57.3532
254.138 57.2244
260.012 61.6147
254.487 63.9473
246.959 63.9863
207.908 122.861
212.96 111.936
221.08 107.674
226.86 109.089
232.966 107.16
240.592 110.32
245.005 119.606
240.556 130.632
233.643 136.752
227.038 138.152
220.815 137.985
212.783 133.711
210.425 121.973
221.383 114.139
227.186 114.054
233.256 113.178
241.842 119.245
232.98 128.514
226.727 130.059
220.856 129.681
