167 72.6592
168.774 85.2226
172.663 97.8666
178.259 110.08
184.703 121.196
192.493 131.858
201.68 141.133
212.044 147.111
224.173 148.606
235.964 144.805
244.936 136.507
252.542 125.48
258.567 113.636
263.009 101.303
266.033 88.2641
267.458 75.225
267.604 62.4726
171.896 45.0311
174.216 33.7668
182.366 25.5314
193.216 22.1891
203.616 24.3338
220.536 21.5102
230.376 16.9604
241.609 18.0186
251.255 24.236
256.107 34.6296
213.207 38.3431
213.704 43.0942
214.234 47.6646
214.672 52.8502
208.102 73.3225
212.324 72.2397
216.34 71.3969
220.641 71.0571
225.035 70.9131
182.025 54.6902
187.274 49.0756
194.424 47.4484
201.934 50.5512
195.623 53.8007
188.407 55.3992
226.615 47.0779
233.114 42.3968
240.769 42.4745
247.394 46.9545
241.281 49.0191
233.474 48.9613
201.559 105.893
204.75 90.0521
212.605 81.5386
217.639 82.2568
222.523 80.5684
231.81 87.308
236.571 102.789
233.543 116.687
225.83 124.003
220.244 125.125
214.523 124.96
206.332 118.669
204.272 104.635
213.459 89.3674
218.316 88.6758
223.186 88.3727
233.829 101.932
224.555 114.755
219.34 116.064
214.098 115.628
