165.147 79.0204
167.689 89.5231
171.306 99.4444
176.191 109.369
181.426 118.604
187.809 127.048
196.384 133.294
207.426 136.058
219.7 136.042
232.389 133.395
242.548 128.118
251.574 120.627
258.1 111.713
262.082 101.059
264.184 89.5175
265.142 77.7407
265.575 65.7963
168.96 50.0951
170.637 38.4576
178.169 30.3192
188.69 26.3082
198.954 27.7233
215.616 23.9789
225.594 19.7127
237.118 21.1023
246.942 27.4165
252.146 37.6774
208.467 41.6397
208.929 46.8868
209.223 52.0163
209.631 57.5046
203.063 75.223
207.443 75.0786
211.988 74.748
216.777 74.0501
221.709 72.9646
179.017 58.3296
183.85 52.6226
190.822 50.7613
197.96 53.8594
191.936 56.8403
184.997 58.5862
223.295 49.4257
229.846 44.5549
237.191 44.4715
243.638 48.8515
237.732 50.6802
230.29 50.8394
197.906 103.25
201.716 91.1117
208.434 84.4616
213.498 85.2609
218.879 83.1884
227.244 87.8178
233.56 99.0253
228.882 106.365
221.501 109.969
215.676 111.124
210.194 111.193
203.135 108.95
200.953 101.9
209.386 91.3425
214.299 90.8045
219.742 90.1951
230.045 98.3279
220.323 102.461
214.702 103.534
209.554 103.646
