173.341 69.1081
175.646 81.5539
178.809 92.9905
181.993 105.179
185.36 117.655
191.532 128.661
200.776 137.751
212.451 143.804
226.944 145.163
241.197 142.925
252.311 136.296
261.907 127.09
268.458 116.215
271.745 103.994
273.937 91.3567
276.318 79.03
277.891 65.474
179.223 57.2108
184.101 47.4681
194.107 42.4319
205.819 40.2695
217.687 41.0577
231.854 40.5911
242.903 39.0199
254.372 41.3627
264.25 46.1416
269.735 54.9262
225.999 57.2418
226.25 66.307
226.434 74.9778
226.6 83.941
215.657 93.2701
221.087 95.192
226.743 96.5918
232.341 95.1209
237.732 93.007
191.797 63.6837
197.69 58.3058
205.533 58.144
212.424 63.662
205.616 65.9444
197.643 66.5616
238.956 62.841
245.918 57.0791
253.752 57.0691
259.437 62.1273
254.054 64.9312
246.215 64.846
209.526 114.434
215.919 109.305
222.246 106.845
227.134 108.473
232.371 106.559
239.232 108.694
245.722 113.659
239.347 116.778
232.872 118.328
227.382 119.034
222.297 118.784
215.812 117.437
212.755 113.696
222.529 111.465
227.397 111.971
232.71 111.198
242.376 113.042
232.559 112.226
227.226 113.224
222.355 112.599
