174.224 69.8946
176.88 82.4421
180.258 94.0751
183.348 106.194
186.743 118.644
193.385 129.372
202.585 137.919
214.39 143.148
228.281 144.074
242.138 141.964
253.552 135.65
263.089 127.085
269.971 116.777
273.212 104.661
275.074 92.2695
276.71 80.1718
277.955 66.7878
180.054 56.3827
185.096 46.5957
195.273 41.696
206.818 39.6936
218.207 41.0731
231.782 40.6995
242.381 38.5074
253.812 40.8779
263.676 45.6473
269.493 54.5394
226.044 57.1879
226.314 66.0381
226.582 74.5633
226.821 83.3068
215.744 93.287
221.294 94.9357
227.12 96.1898
232.685 94.8634
238.197 92.8432
191.887 63.5803
197.754 58.3911
205.648 58.1084
212.947 63.6437
205.831 65.9844
197.803 66.5282
239.049 62.8671
246.063 57.1735
253.833 57.1701
259.808 62.0582
254.203 64.8767
246.283 64.8072
209.217 114.131
215.554 108.957
221.933 106.375
227.239 107.95
232.609 106.185
239.454 108.419
246.615 113.647
239.911 115.766
233.422 116.552
227.79 116.886
222.214 116.572
215.652 115.837
212.501 113.233
222.161 111.265
227.543 111.766
233.032 111.024
243.177 112.685
232.986 110.516
227.48 111.138
222.103 110.524
