182.562 64.0362
183.985 77.0661
186.037 89.2359
188.248 101.528
191.35 114.192
198.015 124.959
207.35 133.903
219.258 140.369
232.759 142.606
246.474 141.011
257.813 135.071
267.048 126.71
274.101 116.606
277.691 104.971
279.895 92.4901
282.062 80.6808
284.259 67.8956
189.135 54.425
194.935 44.4021
205.732 38.8018
218.163 37.1924
229.518 40.7431
245.063 40.225
255.616 37.5581
266.757 39.307
276.28 44.8643
280.01 55.3557
237.425 55.2217
237.357 64.1569
237.236 72.8303
237.121 81.7852
224.358 91.0024
230.065 92.7071
235.839 94.0949
241.735 93.1749
247.207 91.6485
201.133 61.6163
207.883 57.4707
215.256 57.3903
222.853 61.9472
215.51 63.4505
207.73 63.7811
249.017 62.2258
256.783 57.7854
264.09 58.1304
269.968 62.368
264.021 64.3248
256.46 63.9461
214.093 108.651
222.046 104.643
228.977 102.852
234.328 104.605
240.338 103.202
246.921 105.696
254.282 110.03
246.669 113.732
240.029 114.893
233.783 115.246
228.114 114.607
221.381 112.429
217.632 108.451
228.653 107.709
234.142 108.529
240.231 108.013
250.622 109.869
240.13 108.435
234.064 109.025
228.548 108.207
