170.793 71.0992
173.211 83.5489
176.582 95.3922
180.141 107.5
183.741 119.559
190.031 130.453
199.06 138.517
210.88 143.306
224.671 144.101
238.508 141.917
249.801 136.257
259.734 128.229
266.49 117.745
269.557 105.792
271.294 93.0444
272.75 80.9202
274.161 67.8236
175.987 54.7521
180.213 44.5161
189.912 38.3365
201.459 36.7353
212.654 39.4152
230.441 37.9687
240.621 34.0561
251.751 34.4406
261.597 39.9902
265.804 50.3804
221.993 54.9844
222.216 63.5503
222.478 71.904
222.707 80.4751
212.451 92.247
217.524 93.3713
222.827 94.226
228.317 92.9798
233.605 91.3103
188.357 64.3246
194.388 59.3239
201.931 58.8779
209.134 63.3157
202.21 65.7892
194.442 66.5939
235.327 61.8249
242.35 56.6959
249.913 56.6961
255.738 61.3433
250.088 63.8045
242.474 63.7293
204.205 111.638
211.331 106.436
217.644 103.978
222.799 105.315
228.293 103.567
235.184 105.942
243.111 110.298
235.74 113.744
228.844 114.914
223.174 115.517
217.92 115.388
211.399 114.65
207.669 111.241
217.795 108.527
223.048 108.899
228.613 108.256
239.315 110.204
228.454 108.894
222.919 109.694
217.767 109.387
