171.695 70.4951
173.619 83.0915
176.704 94.975
180.39 106.6
184.154 118.479
190.792 129.298
200.008 137.763
212.019 142.94
225.412 143.874
238.66 141.69
250.337 135.622
260.326 127.719
267.744 117.348
271.29 105.452
273.31 92.7463
274.678 80.7926
275.779 67.723
176.649 56.0218
180.893 45.4497
190.706 39.0129
202.503 37.251
213.615 40.1162
231.67 38.6515
241.723 34.5896
253.048 35.0987
263.091 40.69
267.69 50.9403
223.523 55.2565
223.762 64.1327
224.008 72.7819
224.201 81.6833
213.148 92.9257
218.649 94.1024
224.113 94.961
229.665 93.8498
235.081 92.3754
189.149 64.1177
195.061 59.1585
202.491 58.8434
209.705 63.4411
202.861 65.7107
195.083 66.3465
236.732 62.2262
243.91 56.8504
251.459 56.8258
257.326 61.5538
251.733 64.1029
243.978 64.1283
204.405 110.816
212.234 106.923
219.047 104.735
223.884 106.071
229.309 104.458
236.598 106.317
245.337 109.405
236.931 113.738
229.806 115.21
224.1 115.811
219.042 115.458
212.204 114.08
208.153 110.706
219.046 109.203
224.018 109.626
229.589 108.959
241.476 109.661
229.542 108.952
223.99 109.776
219.064 109.338
