173.608 73.3033
176.364 86.6286
179.821 99.067
183.1 111.579
186.837 123.809
193.67 134.89
203.342 143.006
215.369 148.49
228.972 149.646
242.704 147.507
254.56 141.257
264.487 132.799
271.317 121.909
274.588 109.724
276.217 96.4916
277.49 83.8426
279.146 70.135
179.644 59.8812
184.713 49.9071
194.97 44.4861
206.918 43.1962
218.156 45.978
235.379 44.6097
245.472 40.5423
256.831 40.3376
267.09 45.4857
271.569 55.7469
227.015 61.131
227.161 70.6472
227.305 79.932
227.428 89.4323
216.457 99.3392
221.838 100.809
227.41 102.071
232.942 100.762
238.289 99.0595
192.751 68.8121
198.78 63.9436
206.21 63.7214
213.286 68.3872
206.369 70.6672
198.752 71.1833
240.253 67.1794
247.554 61.9545
254.97 61.8028
260.874 66.1904
255.313 68.9064
247.779 69.0052
207.723 117.39
215.534 113.344
221.83 111.539
227.13 113.093
232.81 111.323
239.733 113.135
247.533 116.874
239.984 119.854
233.126 120.757
227.346 121.248
222.006 120.905
215.436 120.082
210.898 117.066
221.97 116.101
227.288 116.738
233.077 115.875
244.028 116.747
232.921 115.321
227.202 116.169
221.946 115.477
