174.279 67.8033
175.948 80.3153
178.334 92.3814
181.096 104.266
184.474 116.439
190.684 127.585
199.911 136.466
211.259 142.69
224.608 144.766
237.939 143.321
248.71 137.26
258.256 129.223
265.523 118.818
269.611 106.716
272.491 94.2841
274.994 82.0114
277.234 68.8634
181.202 55.6765
185.843 45.7836
195.93 40.0531
207.736 38.3629
218.754 41.3233
236.225 40.6525
246.552 37.4862
257.506 38.4828
266.942 44.0593
270.556 54.4334
227.114 56.5157
227.206 65.1323
227.339 73.5201
227.342 82.2876
215.802 92.6915
221.105 94.3702
226.599 95.5808
232.143 94.4941
237.33 92.6387
192.655 64.1454
198.971 59.4782
206.392 59.1969
213.572 63.8
206.615 66.1132
198.931 66.7339
239.692 63.3965
247.362 58.8054
254.782 58.9184
260.392 63.4664
254.771 66.0967
247.139 65.649
206.79 112.073
214.063 107.459
220.747 105.659
225.65 107.311
230.865 105.716
237.264 107.799
244.482 112.328
237.015 115.903
230.578 116.799
225.129 117.196
220.052 116.764
213.536 115.039
210.089 111.694
220.601 109.851
225.645 110.604
230.936 109.982
241.09 111.922
230.579 111.354
225.294 111.939
220.3 111.255
