173.307 76.2636
175.371 90.2615
178.815 103.811
182.695 117.217
187.214 130.603
194.775 142.639
203.968 152.132
215.868 159.317
229.456 161.152
243.608 158.595
255.562 150.563
265.961 140.583
273.639 128.975
278.09 115.855
280.563 101.834
282.192 88.4652
283.923 73.5137
179.277 66.0268
184.578 56.3389
195.007 51.7667
206.578 51.1438
217.816 53.4117
235.953 52.2701
246.71 49.8811
257.641 50.9602
267.673 55.4121
273.283 64.3239
227.726 72.8727
227.948 84.3923
228.093 95.4199
228.326 106.423
216.681 113.417
222.45 115.582
228.392 117.268
234.01 115.465
239.349 113.239
191.808 76.6653
197.982 70.9753
206.5 71.5002
213.628 78.2941
206.126 80.2857
197.428 80.4227
240.433 77.6798
247.606 70.5202
256.084 70.1112
262.349 75.4122
256.718 79.2687
248.228 79.5935
208.749 130.396
217.046 127.53
223.46 126.237
228.211 127.511
233.51 125.796
240.163 126.728
247.943 128.895
240.587 134.441
234.241 136.558
228.663 137.341
223.579 137.185
216.811 135.355
212.308 130.547
223.494 130.483
228.371 131.063
233.839 130.189
244.389 129.364
233.891 130.604
228.394 131.609
223.459 131.089
