173.605 68.3678
175.999 83.5132
179.207 98.6321
183.328 113.152
189.198 127.569
196.511 140.807
204.995 152.657
214.861 160.654
227.77 163.001
241.211 159.415
251.378 150.08
260.811 138.483
268.936 126.043
274.311 112.133
276.951 97.086
278.291 82.2728
279.66 66.9022
179.161 57.7838
184.327 48.3462
194.348 42.9346
206.371 41.2238
217.599 43.4005
233.348 42.3944
243.261 38.7091
254.494 39.4579
264.885 43.8685
270.705 52.8828
225.48 54.8592
225.466 62.8803
225.379 70.905
225.215 79.4522
215.456 89.5126
220.654 91.5207
226.161 93.3006
231.839 91.4634
236.955 89.2758
191.218 63.0593
197.275 58.4618
204.649 57.9782
211.858 61.5538
204.872 63.2671
197.329 63.9746
239.793 60.3459
246.735 56.1463
254.28 56.025
260.477 60.0101
254.481 61.6662
246.881 61.5285
207.447 117.402
212.181 106.576
220.307 102.016
226.142 103.409
231.939 101.819
239.914 105.825
245.303 115.759
240.002 128.294
232.384 133.961
226.125 134.886
219.929 134.418
212.071 129.639
209.774 116.508
220.541 107.217
226.336 107.224
232.104 106.965
242.15 115.358
231.981 126.416
226 127.647
220.085 127.115
