170.636 71.0219
172.839 83.4843
176.124 95.5261
179.728 107.406
183.344 119.327
189.612 130.006
198.621 137.783
210.018 142.591
223.41 143.646
236.801 141.348
248.2 135.81
258.346 128.434
265.859 118.564
269.505 106.738
271.665 93.905
273.152 81.6467
274.371 68.5842
175.584 55.5612
179.754 45.1081
189.378 38.6762
201.128 36.7941
212.064 39.4729
230.545 37.9956
240.561 34.0016
251.624 34.4756
261.289 39.8763
266.004 49.5478
221.967 55.2118
222.288 63.8914
222.635 72.4237
222.865 81.0941
212.334 92.636
217.551 93.7459
222.826 94.5327
228.336 93.5701
233.568 91.9782
188.128 64.7906
194.074 59.8895
201.461 59.4002
208.781 63.6331
201.983 66.1304
194.265 67.0262
235.32 61.98
242.361 56.8733
249.784 56.8543
255.622 61.2256
250.031 63.94
242.44 63.9191
203.775 112.274
211.144 107.317
217.579 104.579
222.236 105.955
227.472 104.217
234.155 106.694
241.894 110.978
234.287 114.275
227.769 115.693
222.343 116.289
217.612 115.961
211.177 114.952
207.094 111.7
217.689 109.119
222.428 109.561
227.762 108.867
238.158 110.729
227.552 109.487
222.239 110.329
217.606 110.001
