175.335 67.5371
176.275 80.9087
178.163 93.1774
180.527 105.639
184.077 117.904
190.904 129.036
200.57 138.323
213.141 144.711
227.885 146.731
242.52 144.628
254.808 138.017
264.935 129.397
272.427 118.218
275.819 105.82
277.634 92.5712
279.243 80.028
280.603 66.2789
180.802 57.8906
186.156 47.6985
196.757 42.0842
208.949 40.5668
219.805 43.9546
238.151 43.1938
248.438 39.4164
259.801 40.1924
269.722 46.0343
274.126 56.3673
228.934 58.8363
229.077 68.6368
229.095 78.1484
229.137 88.012
214.719 94.3861
221.492 96.5622
228.277 98.6803
235.298 96.9857
241.941 95.0547
192.639 64.4418
199.395 60.3241
206.709 60.53
214.395 65.4425
206.946 66.1292
199.329 66.1937
241.963 65.2607
249.839 60.2079
257.251 60.0334
263.652 64.3194
257.442 66.0186
249.735 66.1394
201.803 107.038
212.11 105.496
221.036 104.952
227.47 106.702
234.419 105.124
243.526 105.939
254.451 107.358
243.397 113.435
234.454 115.548
227.231 116.146
220.423 115.376
211.634 112.969
205.415 107.71
220.828 109.368
227.473 110.213
234.494 109.456
250.776 107.979
234.345 110.116
227.335 110.876
220.639 109.946
