173.815 71.7563
176.237 85.0231
179.271 97.2601
182.166 109.956
185.574 121.998
191.735 132.954
200.437 141.641
211.82 147.28
225.682 148.965
239.629 146.882
251.072 140.751
260.347 132.359
266.931 121.78
270.328 109.651
272.144 96.8655
274.246 84.431
276.651 70.7883
178.878 59.1692
183.915 49.2727
194.181 43.8097
206.056 42.2745
217.179 44.8896
233.873 43.8897
244.422 41.1002
255.829 42.2616
265.762 47.3837
270.108 57.5775
225.773 60.0703
225.979 69.4179
226.098 78.5575
226.241 87.8889
215.267 98.265
220.446 99.5585
225.938 100.642
231.412 99.5056
236.642 97.8088
191.564 67.1315
197.753 62.202
205.367 62.0951
212.668 67.3265
205.44 69.4826
197.595 69.924
238.787 66.3723
246.221 61.1588
253.771 61.091
259.509 65.8307
253.892 68.5148
246.174 68.3458
205.903 116.84
213.717 112.417
220.272 110.304
225.517 111.86
231.181 109.963
237.946 111.786
244.97 116.221
238.276 119.788
231.569 121.514
225.658 122.154
220.251 121.905
213.398 120.774
208.965 116.545
220.266 114.847
225.629 115.334
231.363 114.429
241.579 115.994
231.419 115.356
225.651 116.295
220.367 115.682
