179.683 65.0122
181.118 77.927
183.409 90.0761
185.711 102.192
188.777 114.689
195.181 125.709
204.356 134.238
216.109 140.365
229.869 142.132
243.727 140.262
254.963 134.296
264.202 126.157
271.062 115.892
274.568 103.99
277.211 91.532
279.756 79.8152
281.939 67.2792
186.582 54.0798
192.08 44.2238
202.439 38.6878
214.286 37.0139
225.282 39.9723
242.098 39.8243
252.402 37.1691
263.308 38.5742
272.722 43.99
277.005 53.9664
233.627 55.136
233.616 64.0521
233.622 72.622
233.577 81.5174
221.433 91.1592
226.922 92.7376
232.39 94.1003
237.965 93.0352
243.33 91.5583
198.263 61.7598
204.566 56.8402
212.024 56.8139
218.949 61.8083
212.065 63.5142
204.356 63.9717
246.152 61.9741
253.548 57.0296
260.971 57.2279
266.59 61.9727
260.997 64.1055
253.362 63.7877
211.357 109.572
219.234 105.271
226.092 103.114
231.24 104.835
236.986 103.367
243.898 106.054
251.343 110.428
243.632 114.092
236.672 115.164
230.826 115.438
225.394 114.838
218.682 112.967
214.883 109.226
225.856 108.164
231.128 108.899
236.935 108.378
247.731 110.139
236.822 108.566
231.111 109.075
225.821 108.31
