164.364 70.4991
165.918 81.9956
169.379 93.4529
174.666 104.569
180.298 115.466
187.024 125.884
195.341 134.729
205.766 140.234
218.02 141.263
230.662 138.189
241.164 131.935
250.174 123.283
257.992 113.575
263.185 102.156
266.474 89.4656
267.616 76.4777
267.69 63.4039
169.943 46.0816
172.226 35.3971
179.679 27.3448
189.865 23.9987
199.969 25.6671
216.45 22.6498
226.342 18.1999
237.741 19.0813
247.492 25.0635
252.994 34.8531
209.068 39.4369
209.296 44.2256
209.355 48.9793
209.368 54.1385
203.72 74.187
207.726 73.219
211.711 72.4474
216.227 71.9495
221.012 71.4404
179.256 56.5522
184.117 50.8812
191.178 48.8322
198.784 51.6602
192.418 54.8905
185.312 56.7344
223.592 47.7767
229.942 43.0485
237.403 43.2302
244.26 47.464
237.901 49.45
230.198 49.378
197.885 104.152
201.173 90.0564
208.109 81.9397
213.169 82.5277
217.916 80.5633
226.81 86.3714
232.867 99.5017
228.864 110.73
221.145 116.147
215.672 117.413
210.095 117.454
202.641 113.293
201.207 102.783
209.104 90.8762
213.946 89.7924
218.752 89.4995
229.428 98.7657
219.812 105.893
214.717 106.997
209.633 107.026
