173.155 73.9087
175.921 87.71
179.617 100.72
183.305 113.675
187.155 126.58
194.021 138.594
203.622 148.002
215.903 154.189
230.04 156.081
244.653 153.486
256.77 146.019
267.003 136.573
274.339 124.705
277.843 111.328
279.554 97.2312
281.023 83.8109
282.538 69.56
179.258 62.9501
184.866 53.9378
195.016 49.2191
206.709 48.0487
217.749 50.8479
236.315 48.9617
246.058 44.9477
257.09 44.9538
266.992 49.4801
272.437 58.4435
227.469 68.0739
227.647 78.6568
227.777 88.8966
227.935 99.3498
217.082 107.11
222.525 109.128
228.147 110.676
233.673 109.147
238.714 106.968
192.621 75.0135
199.221 72.0247
206.583 71.779
213.842 74.644
206.744 77.0958
199.214 77.6298
240.803 73.5216
248.198 70.0163
255.543 69.7673
262.237 72.4182
256 75.4401
248.554 75.5573
209.573 123.951
216.902 120.63
223.047 119.084
227.72 120.46
233.126 118.814
239.542 120.331
247.743 123.486
240.067 128.43
233.806 129.938
228.101 130.453
223.041 130.032
216.711 128.526
212.977 123.897
223.159 123.581
227.928 124.087
233.446 123.428
244.102 123.775
233.378 123.594
227.883 124.455
223.022 123.933
