181.327 64.2359
182.552 76.9484
184.48 89.0455
186.745 101.315
189.673 113.832
196.055 124.821
205.187 133.693
217.09 139.84
230.912 141.806
244.675 139.978
256.059 134.407
265.749 126.688
272.91 116.845
276.942 105.054
279.657 92.5417
281.836 80.6628
283.882 67.8917
188.342 53.8844
194.044 43.9002
204.796 38.5624
217.185 36.8964
228.098 40.5822
243.635 39.9434
254.233 37.1986
265.306 38.9102
274.665 44.4351
278.577 54.69
235.622 54.8977
235.602 63.4927
235.603 71.8526
235.546 80.5771
223.046 90.7218
228.743 92.3001
234.301 93.4282
239.955 92.5365
245.307 91.0578
200.229 61.447
206.999 57.439
214.365 57.4359
221.52 61.7436
214.48 63.2231
206.781 63.6374
247.646 61.8962
255.404 57.8733
262.586 58.1715
268.495 62.1636
262.617 63.949
255.141 63.6142
212.529 108.565
220.745 104.099
227.872 101.996
232.894 103.759
238.657 102.394
245.285 105.087
252.89 109.565
244.862 113.542
238.092 114.545
232.125 114.886
226.739 114.14
219.868 112.28
216.168 108.26
227.598 106.898
232.756 107.599
238.575 107.22
249.149 109.412
238.187 108.082
232.35 108.536
227.171 107.709
