173.048 70.9679
175.207 84.2782
178.434 97.0015
181.879 109.779
185.992 122.613
192.793 133.821
201.456 142.989
212.747 149.124
226.263 150.436
240.134 148.121
251.665 141.155
261.375 132.498
268.965 121.934
273.102 109.626
275.592 96.1999
277.653 82.7906
279.562 68.4954
179.031 56.2306
183.261 46.3005
192.567 40.7896
203.418 39.6364
213.334 42.4676
235.565 41.0398
245.254 37.8524
255.725 38.8796
264.789 44.1865
269.178 53.5266
225.16 60.9349
225.257 70.924
225.341 80.4861
225.383 90.2056
214.69 100.213
220.043 102.102
225.617 103.356
231.09 101.913
236.207 99.7809
190.17 67.1627
196.129 60.3743
204.894 60.3835
212.335 67.7922
204.933 70.6659
195.927 71.1527
237.94 66.5752
244.839 58.7058
253.774 58.2496
259.897 64.4019
254.725 68.5993
245.791 68.9553
205.928 120.696
213.488 115.176
220.295 112.574
225.137 113.916
230.596 112.156
237.809 114.124
245.627 119.053
238.103 123.203
231.243 125.314
225.348 125.982
220.15 125.786
213.157 124.123
209.345 120.071
220.471 117.994
225.398 118.338
230.991 117.601
241.902 118.632
230.855 118.254
225.256 119.264
220.239 118.754
