169.967 72.3861
172.002 84.3407
175.14 95.6968
179.052 107.392
183.46 118.888
189.759 129.935
198.025 138.87
208.512 144.901
221.673 146.533
235.301 143.679
245.993 137
255.592 128.043
263.297 117.495
268.03 105.536
270.532 92.8123
271.619 80.2513
272.603 67.0388
174.951 49.8162
177.623 39.0291
186.381 31.8187
197.33 28.8988
207.851 31.1959
225.068 29.4544
234.846 25.3429
245.971 26.3007
255.566 31.7829
260.055 41.8426
217.205 46.1383
217.535 53.2731
217.812 60.2334
217.981 67.3756
209.091 82.3639
213.939 83.1048
218.931 83.5711
224.186 82.466
229.226 80.7874
185.439 59.5712
190.66 54.055
197.858 52.9832
205.062 56.6852
198.647 59.472
191.362 60.7188
231.285 54.0444
237.884 49.1535
245.37 49.2291
251.257 53.872
245.511 56.008
238.033 55.9605
201.705 109.183
206.582 98.6608
213.577 93.5146
218.851 94.614
224.28 92.7168
232.287 96.869
238.546 106.97
233.112 114.991
225.775 118.612
220.009 119.665
214.416 119.56
206.984 116.508
204.765 108.209
214.067 100.151
219.289 99.9236
224.714 99.306
235.061 106.365
225 110.482
219.442 111.642
214.114 111.288
