161.608 82.5931
166.885 95.0298
172.366 106.19
177.661 117.39
183.692 128.655
192.235 137.758
203.436 144.741
216.532 149.455
230.369 149.033
242.977 144.802
253.789 136.517
262.578 126.197
268.491 113.731
269.433 99.5283
267.976 85.265
266.704 71.6902
265.319 56.7939
163.938 70.0554
165.598 58.9487
173.572 52.044
183.627 48.6606
194.338 48.1598
211.047 43.8776
221.114 38.9019
232.363 37.698
243.428 40.4813
251.192 47.8155
206.857 63.8167
209.08 73.2621
211.247 82.386
213.493 91.8635
205.984 102.7
211.336 103.022
216.655 103.128
221.666 100.744
226.532 98.4644
176.729 77.2613
180.873 71.8968
187.962 70.031
195.649 73.3433
189.507 77.0813
182.297 78.8951
222.192 66.0052
227.518 59.6724
234.957 58.0064
242.007 60.5333
237.24 64.8284
229.596 66.3963
203.735 122.151
208.915 117.01
213.758 113.641
218.729 114.22
223.304 111.503
230.862 111.876
239.053 113.679
233.536 118.575
227.005 121.945
221.893 123.657
216.824 124.276
211.097 124.665
206.469 120.884
215.083 118.447
219.996 118.208
224.944 116.364
235.726 114.017
224.871 116.714
219.934 118.475
214.977 118.817
