173.283 67.7813
174.232 80.3955
176.1 92.3095
178.948 104.418
182.608 116.498
189.698 127.411
199.384 136.362
211.689 142.468
225.837 144.265
240.054 141.914
252.049 135.455
262.017 126.742
269.249 115.462
272.441 103.13
274.195 90.1678
275.376 78.3112
275.974 65.4123
178.04 56.7439
182.482 46.318
192.392 39.8474
204.238 38.0473
215.28 41.0218
233.919 39.8927
244.269 36.0396
255.654 36.7011
265.614 42.7293
269.984 53.325
225.25 56.6234
225.367 65.6505
225.394 74.2834
225.462 83.3986
212.381 92.1631
218.775 93.7507
225.043 95.2011
231.409 93.9185
237.725 92.4522
190.577 63.7319
196.818 59.2321
203.996 59.2844
211.366 63.9559
204.198 65.487
196.74 65.725
238.153 63.1084
245.564 57.8161
252.888 57.6819
259.165 62.1567
253.235 64.4011
245.543 64.4981
201.051 106.571
210.414 104.374
218.667 103.184
224.561 104.772
230.813 103.22
239.359 104.571
249.591 106.652
239.38 111.074
231.047 112.864
224.503 113.511
218.376 112.954
210.256 110.932
204.705 106.904
218.566 107.902
224.584 108.526
230.972 107.773
245.933 106.918
230.885 107.324
224.526 108.083
218.477 107.371
