169.357 70.0308
171.854 82.587
175.465 94.5684
179.135 106.607
183.148 118.501
189.521 129.812
198.385 138.18
209.862 143.406
223.516 144.793
237.157 142.116
248.002 135.836
257.72 127.163
264.794 116.436
268.212 104.157
270.02 91.384
271.445 79.148
272.405 65.9979
174.867 54.089
178.252 43.4095
187.393 36.4786
198.904 34.0904
209.888 36.5354
228.252 34.851
238.284 30.9671
249.413 31.7402
258.983 37.2337
263.043 47.8546
219.978 52.2825
220.269 60.4418
220.548 68.4027
220.668 76.7003
210.786 89.241
215.927 90.2704
221.243 90.946
226.767 89.9203
232.048 88.1833
186.917 63.5419
192.685 59.4698
199.602 58.613
206.81 61.3525
200.335 64.0242
193.095 65.1049
233.699 59.5387
240.753 55.9141
247.943 55.928
253.702 59.3284
248.011 61.7655
240.598 61.6031
202.542 111.377
209.228 104.691
215.969 101.142
221.043 102.378
226.41 100.592
233.314 103.471
240.753 109.373
234.03 114.321
227.41 116.312
221.732 117.081
216.467 116.973
209.515 115.321
206.205 110.596
216.231 106.482
221.359 106.578
226.777 105.956
236.692 108.97
226.874 109.334
221.427 110.272
216.356 110.08
