173.937 66.4356
174.715 79.4116
176.302 91.5888
178.722 103.969
182.061 116.401
189.068 127.661
198.871 136.97
211.442 143.673
226.078 145.46
240.728 143.368
252.507 136.627
262.059 127.898
269.509 117.107
273.02 104.891
275.102 91.98
276.502 79.6514
277.362 66.5203
178.971 57.9747
184.149 47.9695
194.477 41.9681
206.568 40.0407
217.679 43.0243
235.495 42.1851
246.175 39.067
257.642 40.2621
267.719 45.6575
272.456 56.0208
226.728 57.4847
226.813 67.0747
226.796 76.2823
226.825 85.8541
212.975 93.1893
219.562 95.0525
226.21 96.9353
233.09 95.3391
239.744 93.5905
190.891 63.8141
197.374 59.7398
204.737 59.7499
212.422 64.2447
204.861 65.3076
197.272 65.496
239.93 63.9289
247.609 59.0015
254.935 58.8064
261.366 63.0125
255.222 64.7832
247.58 64.844
200.772 106.672
210.888 104.945
219.426 104.229
225.992 106.029
232.638 104.264
241.417 105.164
251.826 106.539
241.305 111.087
232.75 112.868
225.833 113.534
219.187 112.969
210.916 111.132
204.552 107.115
219.272 108.616
225.962 109.423
232.721 108.485
248.258 107.007
232.739 107.43
225.997 108.255
219.364 107.496
