175.019 70.314
177.423 85.3404
180.881 99.905
185.052 113.918
190.371 127.518
197.467 140.53
205.568 152.021
215.975 159.975
228.895 162.276
241.614 158.708
251.223 149.038
259.415 136.677
266.461 123.91
271.234 110.542
274.395 96.4802
276.546 82.136
278.242 67.0231
180.862 56.4336
185.563 47.197
195.006 41.2794
206.483 38.6784
217.336 40.6949
235.622 39.9453
245.756 36.9849
256.532 38.2369
266.131 42.86
271.454 51.4036
227.238 54.1744
227.516 62.6873
227.826 71.2324
228.132 80.1755
218.088 91.3257
223.045 92.6548
228.285 93.8138
233.558 92.1822
238.358 90.2341
192.107 62.8144
198.104 57.4328
206.031 56.9441
213.316 61.6951
205.957 63.6573
198.167 64.2989
240.894 60.2779
248.061 55.1874
255.929 54.8775
261.967 59.6027
256.182 61.9114
248.397 61.8229
207.883 117.285
213.376 107.098
221.997 103.002
227.93 104.208
233.907 102.412
242.104 105.45
246.852 115.136
242.417 127.815
234.875 134.141
228.552 135.47
222.126 135.058
213.545 130.199
210.316 116.774
222.345 108.183
228.284 108.112
234.17 107.466
244.035 114.941
234.272 126.958
228.189 128.464
222.156 127.943
