173.658 70.1354
175.895 85.1104
179.322 99.7008
183.177 114.263
188.687 127.974
195.902 140.867
204.11 152.791
214.507 160.658
227.865 162.943
241.088 159.828
250.941 150.728
259.41 138.533
266.398 126.188
271.197 112.83
273.91 98.2887
275.936 83.3239
277.401 67.7846
178.909 56.2184
184.021 46.871
194.205 41.3615
206.087 39.3403
217.377 41.9255
233.042 41.1624
243.268 37.7145
254.364 38.4315
264.809 42.6493
270.234 51.8993
225.461 54.5624
225.794 62.548
226.052 70.6881
226.221 79.2273
216.312 90.555
221.281 92.0178
226.58 93.2874
231.984 91.6384
236.911 89.621
191.223 62.6042
197.198 57.4975
204.917 57.0483
211.999 61.509
204.844 63.4152
197.064 64.0053
239.536 60.1431
246.291 55.3493
254.007 55.1627
260.206 59.6526
254.378 61.6265
246.615 61.597
207.715 119.594
212.822 108.691
220.981 103.781
226.624 105.035
232.024 103.28
239.846 107.698
244.597 118.385
240.063 130.843
232.877 136.61
226.913 137.664
220.674 137.259
212.651 132.1
210.258 119.023
221.216 109.777
226.907 109.492
232.291 109.133
241.336 117.933
232.237 128.443
226.673 129.711
220.799 129.096
