173.721 67.9645
174.601 80.5729
176.228 92.558
178.608 104.799
181.998 117.372
189.006 128.531
198.752 137.907
211.3 144.4
225.99 146.111
240.858 143.636
253.2 137.087
263.556 128.382
271.421 117.323
274.789 104.926
276.564 91.8904
277.671 79.7301
278.438 66.6302
178.862 58.8152
183.998 48.5695
194.381 42.4402
206.472 40.1877
217.602 42.8921
235.447 42.5631
246.035 39.3825
257.577 40.4003
267.704 45.9071
272.443 56.2923
226.853 58.0955
226.867 67.7256
226.776 77.1107
226.723 86.7979
212.852 93.4459
219.493 95.3703
226.256 97.363
233.059 95.6552
239.776 93.9228
191.244 63.8873
197.663 59.9576
204.755 59.9538
212.069 64.3037
204.808 65.211
197.512 65.3856
240.414 64.0036
247.953 59.1612
255.184 59.0092
261.495 63.1438
255.4 64.7717
247.904 64.8699
200.421 106.867
210.318 104.983
218.935 104.325
225.669 106.027
232.54 104.434
241.435 105.248
251.983 106.907
241.267 110.96
232.553 112.35
225.427 112.969
218.553 112.375
210.179 110.665
203.95 107.264
218.722 108.604
225.637 109.387
232.64 108.601
248.556 107.425
232.598 107.471
225.621 108.178
218.741 107.439
