185.803 63.5415
185.517 77.3517
185.523 90.8843
186.081 104.415
188.524 117.579
195.547 128.795
205.218 138.365
217.043 146.073
231.274 149.717
245.488 148.731
257.311 141.77
266.76 132.47
274.069 122.012
278.616 110.771
281.955 98.9827
284.735 87.3579
287.159 74.8341
194.427 57.278
201.227 48.4352
212.527 44.5094
224.626 44.5758
235.692 48.9089
255.05 50.6954
264.593 48.2109
274.828 49.4991
283.66 55.1039
286.199 65.8471
244.134 63.8537
243.419 74.3977
242.673 84.6268
241.796 95.1373
226.521 98.5866
232.87 101.271
239.421 104.165
245.718 103.252
251.872 101.858
206.499 63.7753
213.615 60.1924
221.212 61.3647
228.091 67.7598
220.272 67.6631
212.529 66.6648
254.915 71.0571
262.82 66.1441
270.179 66.6269
275.528 72.0094
269.742 73.4184
262.167 72.7801
210.36 107.889
221.547 108.427
231.474 109.403
237.76 111.574
244.249 110.751
252.313 112.105
260.959 113.569
250.659 119.356
242.221 121.322
235.5 121.264
228.861 119.806
219.549 115.525
213.849 109.114
230.77 112.863
237.323 114.447
243.797 114.234
257.427 114.171
242.942 115.948
236.431 116.207
229.893 114.637
