185.401 64.9787
185.311 78.2902
185.403 91.3254
186.227 104.719
188.9 117.957
196.092 129.072
205.822 138.585
217.639 146.081
232.092 149.356
246.443 148.132
257.819 141.363
267.024 132.253
274.442 122.206
279.346 111.293
282.685 99.7825
285.359 88.7377
287.887 76.7584
194.122 56.8185
201.384 48.0989
212.743 44.3813
224.701 44.4202
236.039 48.661
254.387 50.2296
264.464 47.9884
274.696 49.2841
283.427 54.9859
285.993 65.5246
244.41 64.2672
243.722 74.5757
243.029 84.6797
242.17 95.0239
227.366 99.0776
233.502 101.603
239.856 104.501
245.79 103.521
251.73 102.083
206.772 64.3863
213.605 60.3038
221.316 61.3009
227.721 67.7907
220.376 68.1813
212.645 67.3101
255.316 71.0306
262.815 65.8555
270.204 66.2785
275.244 71.9332
269.93 73.5975
262.38 73.0365
211.258 109.161
222.103 109.384
231.783 110.284
237.867 112.451
244.117 111.597
251.641 112.92
260.022 114.553
250.1 119.616
242.082 121.445
235.615 121.435
229.181 120.165
220.075 116.106
214.761 110.259
231.178 113.856
237.476 115.408
243.714 115.104
256.374 115.027
242.774 115.766
236.528 116.196
230.166 114.739
