174.13 69.4313
176.311 82.0526
179.535 93.8419
182.516 105.824
185.758 118.226
192.066 129.163
201.285 137.899
212.937 143.585
226.939 145.062
241.173 142.819
252.228 136.709
261.798 127.972
268.848 117.206
272.358 105.211
274.702 92.604
276.848 80.4433
278.562 66.872
180.474 57.1741
185.823 47.6339
195.771 42.8885
207.202 40.5636
218.528 41.5765
233.621 40.7757
244.003 39.3902
254.985 41.9243
264.523 46.5074
269.804 55.2484
226.74 57.7371
226.994 66.8067
227.163 75.5647
227.253 84.6361
216.626 94.0195
221.885 95.6518
227.423 96.8095
232.961 95.7654
238.289 94.0136
192.251 63.9479
198.374 58.8212
206.225 58.5252
213.396 63.8581
206.454 65.9851
198.386 66.6291
239.782 63.3314
246.8 57.8063
254.562 57.9739
260.446 62.8889
254.911 65.5547
247.046 65.4019
210.527 114.148
216.524 108.601
222.639 106.181
227.696 107.686
233.041 106.167
239.978 108.608
246.877 114.327
240.095 117.231
233.347 118.18
227.699 118.651
222.399 118.046
216.179 116.787
213.658 113.226
222.758 110.945
227.861 111.512
233.308 110.976
243.324 113.309
233.155 112.002
227.701 112.57
222.535 111.806
