167.775 72.7829
169.65 85.0771
173.399 96.9045
178.649 108.57
184.395 119.805
191.241 130.499
199.46 139.499
209.632 145.191
222.669 146.519
235.571 143.198
245.254 135.697
253.595 125.069
260.06 113.743
264.62 101.537
267.598 88.4453
268.718 75.7554
268.998 63.2401
172.867 45.6409
175.55 34.6511
183.836 26.7382
194.643 23.1875
204.949 25.448
221.194 23.151
230.656 18.5579
241.966 19.8827
251.62 25.7501
256.502 35.6565
214.099 39.5795
214.599 44.7765
214.998 49.7459
215.405 55.1369
208.421 74.4016
212.722 74.0032
217.074 73.4486
221.597 72.8396
226.067 72.0612
183.141 55.472
188.26 49.975
195.341 48.3501
202.817 51.0474
196.522 54.0928
189.379 55.8404
227.665 47.7618
234.195 43.4538
241.73 43.7082
247.989 48.0659
241.889 49.8423
234.343 49.5987
201.628 105.906
205.222 91.3405
212.867 83.5821
218.023 84.3662
222.998 82.5382
231.851 88.4675
237.073 102.298
233.399 114.376
225.693 120.437
220.102 121.59
214.484 121.618
206.472 116.578
204.577 104.704
213.683 91.8828
218.628 91.0133
223.608 90.7546
233.85 101.61
224.516 111.294
219.254 112.493
214.103 112.366
