174.261 75.2255
177.164 89.3119
180.553 102.267
183.918 115.616
188.264 128.354
195.618 139.831
204.832 149.021
216.72 155.094
230.544 156.36
244.075 154.058
255.427 146.612
264.481 136.856
270.847 125.033
274.102 112.196
275.545 98.6679
277.069 85.6416
278.798 71.6141
179.647 63.2596
184.526 53.0798
194.897 47.7958
207.114 46.8976
218.555 49.9723
236.762 48.1107
246.626 43.7218
257.914 43.6656
268.163 49.0773
272.485 59.3121
227.808 66.2107
227.999 76.4794
228.2 86.3983
228.437 96.5816
216.592 105.049
222.287 107
228.1 108.439
233.814 106.961
239.174 105.036
193.104 73.2838
199.329 70.0898
206.467 69.9266
213.618 72.8074
206.698 74.8018
199.424 75.3509
240.797 71.5398
248.357 68.1025
255.491 68.1271
261.475 70.9303
255.568 73.3622
248.303 73.3472
208.61 122.513
216.119 118.907
222.425 117.639
227.75 119.047
233.62 117.33
240.301 118.875
247.68 122.135
240.719 126.249
233.989 127.507
227.916 128.043
222.326 127.739
215.801 126.357
212.041 122.5
222.473 121.895
227.915 122.495
233.896 121.606
244.288 122.312
233.715 121.866
227.752 122.725
222.331 122.065
