166.814 72.9651
168.626 85.2635
172.726 97.7415
178.062 109.842
184.917 120.733
192.635 130.908
201.669 139.132
211.533 143.399
223.615 144.105
235.477 140.513
244.879 133.611
253.023 123.883
259.24 113.587
263.996 102.226
267.203 89.3396
268.465 76.4868
268.736 63.5556
172.039 44.957
174.109 33.9878
182.027 25.0271
192.55 21.2123
203.02 23.0975
219.746 20.3052
229.319 15.8563
240.655 17.2105
250.467 24.1561
255.607 34.6064
212.136 37.5696
212.424 42.1405
212.633 46.7127
212.735 51.8315
206.725 71.6902
210.871 70.9895
214.997 70.4105
219.324 70.0171
223.681 69.5547
181.556 54.5234
186.873 48.6389
193.801 46.8185
201.354 49.9146
194.968 53.1052
187.846 54.8364
225.793 46.4165
232.368 41.6036
239.985 41.7031
246.881 46.2542
240.417 47.9741
232.682 47.8427
200.533 105.416
203.397 89.1579
210.809 80.8595
216.051 81.4156
220.9 79.7269
229.861 85.9905
235.742 101.256
232.018 113.136
224.705 119.242
219.231 120.269
213.444 120.567
205.431 115.428
203.443 103.718
211.811 88.974
216.826 88.0235
221.785 87.5215
232.646 100.141
223.314 111.032
218.13 112.078
212.775 112.096
