180.528 65.2539
181.93 78.058
183.878 90.1436
186.389 102.399
189.602 114.708
196.249 125.594
205.516 134.384
217.415 140.633
231.374 142.652
245.346 140.723
256.493 134.253
265.751 125.827
272.476 115.322
276.045 103.312
278.9 91.0252
281.492 79.1223
283.452 66.5076
187.526 54.5114
192.871 44.7468
203.366 39.577
215.479 37.9212
226.451 41.3183
242.883 40.5671
253.284 37.6437
264.335 39.0451
273.813 44.2029
278.119 53.9178
234.898 55.2725
235.015 64.3504
235.122 73.1578
235.198 82.2876
222.443 91.6537
228.195 93.499
233.946 94.9357
239.764 93.827
245.218 92.088
198.934 62.2457
205.617 58.0631
212.94 58.0122
220.335 62.3371
213.099 63.8397
205.457 64.2634
246.935 62.2558
254.754 58.0573
262.026 58.182
267.843 62.3632
261.958 64.2904
254.424 64.0032
212.181 109.035
220.327 104.91
227.28 103.194
232.62 105.014
238.586 103.584
245.469 105.879
252.781 109.713
244.978 113.991
237.978 115.464
231.812 115.868
226.18 115.099
219.44 112.965
215.647 108.719
226.946 107.943
232.446 108.733
238.496 108.223
249.349 109.551
238.183 108.922
232.176 109.474
226.655 108.558
