173.593 68.9588
174.798 82.1478
176.86 94.5365
179.453 107.088
183.14 119.455
190.34 129.99
200.137 138.504
212.838 144.698
227.36 146.36
241.869 144.153
253.943 137.484
263.768 128.989
271.332 118.294
274.656 106.039
275.892 92.8135
276.732 80.5526
277.708 67.5512
178.762 59.3223
184.07 48.9548
194.641 42.82
207.091 40.8022
218.528 43.9198
235.661 43.4151
246.374 40.0035
257.977 40.9584
268.43 46.5942
272.986 57.3096
227.294 58.5706
227.355 68.2919
227.327 77.7534
227.368 87.532
213.575 94.1108
220.193 95.993
226.861 97.9967
233.563 96.3072
240.024 94.5942
191.104 64.2263
197.633 60.0314
204.818 60.0951
212.385 64.7409
204.901 65.538
197.529 65.6939
240.629 64.4506
248.216 59.4844
255.515 59.4558
261.909 63.7891
255.659 65.3002
248.12 65.3483
200.9 107.136
211.098 105.249
219.697 104.836
226.426 106.511
233.232 104.843
242.39 105.548
252.917 106.867
242.462 111.56
233.568 113.422
226.387 113.966
219.499 113.431
211.027 111.556
204.491 107.556
219.566 108.657
226.418 109.406
233.369 108.546
249.356 107.433
233.514 108.829
226.496 109.623
219.665 108.797
