171.435 70.7825
173.17 83.5896
175.999 95.4306
179.478 107.27
183.153 119.415
189.821 130.32
199.276 139.014
211.134 144.949
224.802 146.66
238.686 144.284
250.658 137.798
260.841 129.59
268.715 119.286
272.612 107.209
274.464 94.2241
275.659 81.6744
276.677 67.6684
176.513 60.3222
181.061 50.0858
191.114 44.2037
203.056 41.9131
214.235 44.5884
231.815 43.2348
242.049 39.5946
253.466 40.2572
263.862 45.1866
268.781 55.5705
223.555 59.0766
223.821 68.6185
223.995 77.8491
224.203 87.3899
212.125 96.2919
218.115 97.7706
224.231 99.0276
230.539 97.4722
236.692 95.6261
188.858 66.6947
195.076 61.8718
202.396 61.5814
209.777 66.3121
202.661 68.063
195.062 68.551
237.024 64.8267
244.319 59.2713
251.704 58.9632
258.091 63.4672
252.092 65.9151
244.358 66.0679
202.259 112.027
211.005 109.23
218.538 107.73
224.248 109.104
230.056 107.445
238.045 108.498
247.368 110.532
238.069 115.104
230.268 116.875
224.072 117.552
218.151 117.153
210.835 115.586
205.873 112.085
218.493 111.999
224.368 112.426
230.292 111.51
243.436 110.99
230.049 111.314
224.074 112.224
218.241 111.709
