175.09 70.2971
178.068 83.2985
181.773 95.3464
185.016 107.766
188.402 119.924
194.901 130.719
204.369 138.923
216.556 143.587
230.3 144.494
243.627 142.284
254.765 136.712
263.888 128.612
270.156 118.047
273.16 105.817
275.038 93.3151
277.213 81.0392
278.954 67.6459
180.934 57.3019
185.83 47.6768
195.715 43.0035
207.454 40.7468
219.345 41.5666
232.452 40.6328
243.525 39.3334
255.163 42.067
265.311 47.2244
270.496 56.595
226.595 57.5424
226.834 66.5156
227.087 75.2936
227.333 84.3112
217.377 95.0065
222.481 96.3095
227.851 97.1671
233.083 95.9259
238.077 94.0804
192.435 64.2705
198.532 58.7176
206.412 58.4576
213.937 64.091
206.739 66.5899
198.622 67.3019
239.447 63.0756
246.484 57.2672
254.132 57.3772
260.157 62.5559
254.522 65.217
246.695 65.1248
214.388 118.721
218.959 110.305
223.92 106.948
228.716 108.245
233.939 106.386
239.962 108.879
245.607 115.275
240.517 116.255
234.916 117.185
229.523 118.061
224.696 118.131
219.429 118.268
217.462 117.012
224.175 111.757
228.992 111.89
234.35 110.992
242.234 114.034
234.402 111.162
229.126 112.181
224.369 112.08
