182.457 63.9068
183.594 76.6905
185.428 88.7731
187.487 101.039
190.418 113.685
197.02 124.577
206.594 133.402
218.828 139.86
232.716 142.197
246.783 140.339
258.122 134.439
267.441 126.32
274.313 116.26
277.867 104.602
280.382 92.1426
282.522 80.3139
284.632 67.7006
189.032 53.3869
195.093 43.8228
205.725 38.5924
217.977 37.3524
228.958 41.2041
244.466 40.3959
254.767 37.2169
265.958 38.6461
275.491 44.1031
279.363 54.5104
236.788 54.6273
236.802 63.6719
236.723 72.3348
236.59 81.3111
223.965 91.0026
229.769 92.604
235.465 94.0347
241.17 93.0808
246.519 91.5998
200.878 61.605
207.427 57.5735
214.615 57.5574
222.003 61.8861
214.836 63.3051
207.327 63.6597
248.595 62.0723
256.383 57.7369
263.645 57.9869
269.767 62.115
263.579 63.9299
256.084 63.6266
213.357 108.418
221.487 104.351
228.541 102.548
233.832 104.281
239.502 102.944
246.325 105.41
253.892 109.697
246.151 113.711
239.489 114.925
233.54 115.344
227.934 114.767
220.83 112.575
216.953 108.243
228.261 107.382
233.674 108.171
239.475 107.709
250.149 109.557
239.548 108.316
233.749 108.879
228.308 108.018
