186.16 64.0595
186.303 77.8852
186.568 91.1886
186.939 104.593
189.183 117.887
196.049 129.076
205.613 138.382
217.853 145.996
232.04 149.372
246.305 148.17
257.752 141.749
267.074 132.719
274.317 122.602
278.902 111.364
282.161 99.7191
285.102 88.4047
287.873 75.9572
194.087 57.0696
201.227 48.0943
212.652 44.1039
224.796 44.1256
236.255 48.5343
254.343 50.217
264.509 47.7936
275.048 49.0814
284.058 55.159
286.166 66.6987
244.307 64.0793
243.583 74.6696
242.899 84.9507
242.08 95.5108
227.114 98.5766
233.392 101.089
239.631 104.051
245.556 103.169
251.395 101.681
207.317 64.3346
213.922 60.1047
221.394 61.1657
227.789 67.6922
220.518 68.0778
213.016 67.2267
255.102 70.9787
262.431 65.7845
269.717 66.3354
274.943 72.1115
269.359 73.5768
261.92 72.9646
211.616 109.231
222.314 109.43
231.679 110.26
237.668 112.508
243.768 111.746
251.156 113.228
259.614 114.517
249.613 119.795
241.685 121.225
235.352 121.112
228.996 119.796
220.15 115.947
215.022 110.175
231.011 113.669
237.232 115.208
243.321 115.086
255.969 115.233
242.371 115.69
236.28 115.921
230.029 114.571
