173.715 70.0611
176.076 82.396
179.224 93.8427
182.127 105.865
185.382 118.45
191.916 129.306
201.132 138.24
212.898 144.32
227.809 145.337
242.502 142.891
253.727 136.216
263.001 127.542
269.779 117.002
272.827 104.819
274.69 92.0434
276.639 79.9955
278.129 66.9158
180.024 56.1364
185.324 47.0916
194.999 42.8635
206.045 40.6798
217.368 41.1978
232.265 40.5233
242.902 39.0824
253.951 41.5587
263.386 46.283
268.988 54.8399
226.137 57.7099
226.367 66.5911
226.549 75.0914
226.701 83.8485
215.478 93.92
221.083 95.379
226.807 96.5497
232.342 95.2745
237.711 93.3843
191.629 64.0055
197.558 58.6555
205.445 58.5275
212.202 64.1186
205.313 66.3257
197.399 66.8128
239.068 63.2632
246.028 57.3425
253.786 57.3093
259.63 62.3475
254.106 65.0026
246.327 64.9846
206.739 115.115
213.828 109.674
220.831 106.967
226.403 108.434
232.061 106.572
239.192 108.602
246.187 113.779
239.645 116.613
232.948 118.028
226.964 118.753
221.267 118.505
213.827 117.443
210.068 114.462
221.158 111.951
226.675 112.319
232.455 111.51
242.79 113.169
232.507 111.899
226.708 112.81
221.185 112.364
