164.897 75.8644
168.199 86.2887
171.912 96.3183
176.337 106.538
180.96 116.611
187.266 125.427
195.728 131.949
206.636 134.911
219.507 134.857
233.082 132.147
244.014 126.577
253.19 118.567
260.067 109.11
263.291 98.1041
264.951 86.5231
265.884 75.2101
266.734 63.0941
168.561 49.7414
170.501 38.6109
178.08 30.7085
188.437 26.6605
199.053 27.7846
214.757 24.5645
224.675 20.29
236.177 21.5218
246.38 27.1618
252.298 36.7773
208.215 41.9377
208.689 47.4132
208.958 52.7764
209.31 58.3477
202.597 76.0936
207.074 75.9385
211.761 75.5869
216.986 74.4957
222.114 72.9495
178.512 59.0321
183.213 53.3597
190.233 51.432
197.828 54.1327
191.646 57.2037
184.57 59.1808
222.951 49.6544
229.511 44.911
237.017 44.8816
243.785 49.1365
237.527 51.0032
229.852 51.1055
197.144 102.624
201.767 91.7615
207.886 85.783
213.086 86.325
218.383 84.2204
226.499 87.9874
234.164 97.8951
228.585 104.686
221.371 107.982
215.703 109.196
210.194 109.544
203.456 108.186
200.323 101.398
208.985 91.9911
213.978 91.202
219.391 90.5074
230.343 97.4127
220.072 100.632
214.598 101.819
209.438 102.175
