182.741 63.9827
184.35 76.7876
186.29 88.6566
188.28 100.539
191.125 113.04
197.473 124.054
206.699 133.012
218.384 139.445
232.279 141.631
246.16 139.911
257.443 133.71
266.699 125.411
273.544 115.076
277.149 103.516
279.987 91.4917
282.547 79.8586
284.843 67.1942
189.479 53.5176
195.458 43.7937
206.238 38.387
218.538 36.8827
229.71 40.4931
244.919 40.3172
255.485 37.5027
266.711 39.0798
276.245 44.6624
280.3 54.9415
237.168 54.7692
237.057 63.6306
236.961 72.1638
236.79 81.0366
224.255 90.579
229.956 92.1985
235.608 93.568
241.291 92.6285
246.78 91.1057
201.586 61.4331
208.096 57.4287
215.36 57.3817
222.499 61.5547
215.523 63.2328
207.945 63.5683
249.108 62.0458
256.58 58.0261
263.754 58.3678
269.598 62.4103
263.587 64.3732
256.162 63.9612
213.93 108.652
221.822 104.303
228.901 102.28
234.21 104.031
239.976 102.704
246.594 105.45
253.533 109.995
246.05 113.915
239.425 115.053
233.37 115.32
227.721 114.618
220.954 112.545
217.493 108.233
228.56 107.091
234.021 107.899
239.851 107.518
249.853 109.556
239.591 108.324
233.738 108.847
228.242 107.874
