173.965 77.614
176.479 91.4653
180.309 104.694
184.269 117.862
188.28 131.156
195.105 143.308
204.235 152.66
216.254 159.67
229.95 161.351
244.283 159.035
256.715 151.607
267.461 142.006
275.187 130.6
279.368 117.605
281.435 103.558
282.763 89.9984
284.096 75.5447
179.167 65.7496
184.695 55.9936
195.226 51.9093
206.905 51.1743
218.31 53.6695
235.768 52.3477
246.447 49.7126
257.471 50.8077
267.583 55.2785
273.001 64.3006
227.702 72.9691
228.036 84.575
228.397 95.6319
228.824 106.732
217.108 113.676
222.935 115.938
228.804 117.494
234.424 115.602
239.531 113.119
192.143 76.807
198.438 71.4133
206.943 72.1266
214.04 78.5766
206.469 80.6173
197.879 80.6497
240.495 77.8003
247.568 70.9768
256.016 70.4951
262.44 75.5124
256.753 79.2792
248.268 79.6806
209.439 130.578
217.801 127.496
224.037 126.017
228.612 127.238
233.875 125.486
240.632 126.476
248.514 128.626
241.205 133.82
234.767 135.83
229.277 136.627
224.345 136.565
217.726 135.301
212.896 130.599
224.148 130.114
228.852 130.538
234.246 129.614
244.981 129.09
234.32 130.376
228.91 131.304
224.136 130.958
