170.401 70.2801
172.584 82.7229
176.049 94.9054
179.512 106.918
183.033 118.946
189.196 130.092
198.048 138.47
209.297 143.909
223.293 145.109
237.442 142.704
249.154 136.538
259.4 128.395
266.874 117.809
270.325 105.505
272.059 92.3836
273.327 80.0377
274.408 66.8742
175.539 55.0618
179.605 44.7072
189.136 38.336
200.76 36.4973
211.754 39.0382
229.968 37.4435
240.073 33.7324
251.049 34.0152
260.782 39.4041
265.555 49.193
221.602 55.0359
221.941 63.5761
222.273 71.909
222.494 80.5157
211.941 92.1004
217.195 93.2924
222.519 94.185
228.067 93.0812
233.306 91.4525
188.078 64.4228
193.887 59.506
201.086 59.016
208.343 63.2236
201.656 65.8042
194.084 66.6675
235.007 61.5362
242.122 56.4071
249.57 56.3764
255.272 60.8424
249.697 63.5684
242.082 63.5503
203.103 112.281
210.454 106.894
217.139 104.222
221.853 105.616
227.124 103.804
233.991 106.262
241.812 110.833
234.216 114.566
227.581 115.942
222.078 116.579
217.197 116.371
210.401 115.155
206.477 111.752
217.235 109.254
222.115 109.577
227.464 108.854
238.129 110.748
227.291 109.578
222.004 110.381
217.22 110.002
