173.693 72.151
175.962 84.7425
179.067 96.6458
182.275 108.979
186.248 121.093
192.899 131.969
201.93 140.444
213.361 145.88
226.842 147.366
240.598 145.38
251.939 139.195
261.36 130.87
268.169 120.351
271.592 108.093
273.437 95.1607
275.336 82.6369
277.283 69.3403
179.287 58.5695
184.118 48.7846
194.031 43.1927
205.646 41.6359
216.936 44.022
235.028 43.1843
245.143 39.8056
256.168 39.9501
265.992 44.7504
270.558 54.6385
226.28 59.3488
226.499 68.423
226.724 77.2638
226.888 86.3668
215.705 96.5398
221.096 98.0604
226.709 99.2911
232.173 98.1116
237.437 96.3722
191.943 67.2182
198.072 62.3911
205.596 61.9927
212.79 66.6731
205.731 69.2641
198.087 69.8199
239.449 65.5609
246.686 60.5185
254.221 60.4186
260.051 64.8559
254.46 67.7634
246.86 67.6798
207.21 115.626
214.045 111.077
220.546 109.019
226.016 110.723
231.606 108.9
238.18 110.828
245.705 115.235
238.584 118.729
232.006 119.708
226.116 120.26
220.563 119.894
213.87 118.635
210.35 115.195
220.658 113.547
226.189 114.233
231.958 113.437
242.03 115.033
231.787 114.119
226.034 114.993
220.555 114.282
