174.051 68.5028
174.81 80.9745
176.578 92.7925
179.193 105.067
182.835 117.115
189.784 128.185
199.296 137.272
211.585 143.355
226.005 145.092
240.508 143.04
252.513 136.748
262.494 128.052
270.232 117.211
273.699 105
275.489 91.9055
276.605 79.6485
277.254 66.4726
178.699 58.08
183.372 47.1687
193.611 40.6984
205.912 38.7065
217.152 41.8773
235.268 40.7468
245.656 37.0691
257.183 37.807
267.145 43.9653
271.189 54.6995
226.523 57.1095
226.68 66.4335
226.742 75.4481
226.793 84.8788
213.256 93.1197
219.903 94.6805
226.32 96.2705
232.852 94.8513
239.261 93.307
191.204 63.8421
197.5 59.5536
204.735 59.5699
212.267 64.202
204.986 65.2939
197.41 65.4924
239.463 63.555
246.91 58.4315
254.333 58.3
260.456 62.6135
254.573 64.5688
246.892 64.5992
200.817 106.438
210.614 104.295
219.085 103.593
225.384 105.186
232.062 103.662
241.09 104.56
251.735 106.136
241.124 111.189
232.331 113.104
225.308 113.785
218.778 113.082
210.437 110.919
204.453 106.85
218.942 107.721
225.402 108.434
232.195 107.673
248.164 106.734
232.194 107.851
225.382 108.586
218.917 107.828
