162.376 84.5549
167.976 96.5463
173.706 107.283
179.16 118.158
184.517 128.92
192.39 137.609
202.89 144.218
215.642 148.108
229.265 147.593
241.798 143.457
253.032 135.615
261.739 125.705
267.471 113.95
268.444 100.443
267.106 86.737
265.283 73.1853
263.823 58.7414
163.545 68.3598
164.815 56.8459
172.426 49.8787
182.294 46.0542
192.612 45.9053
211.674 41.7702
221.077 36.4698
231.983 35.5912
242.729 38.9439
250.154 46.4333
206.507 62.2868
208.679 71.2687
210.712 80.0111
212.897 89.0342
205.997 100.945
211.118 100.941
216.152 100.822
220.923 98.5328
225.372 96.5269
176.499 76.1616
180.621 70.1884
187.897 68.3414
195.774 72.1065
189.489 75.8021
182.012 77.6509
221.469 64.6661
226.805 57.923
234.374 56.2662
241.136 59.5038
236.748 63.584
228.939 65.1636
203.333 120.622
208.49 115.121
213.345 111.528
217.758 112.061
222.195 109.324
229.583 110.082
237.672 112.518
232.153 116.949
225.911 119.926
220.939 121.573
216.224 122.173
210.656 122.665
206.23 119.501
214.577 116.48
219.047 116.165
223.828 114.475
233.928 112.891
223.805 114.435
219.061 116.144
214.552 116.738
