173.442 69.8405
175.857 82.5641
179.038 94.0921
182.127 105.879
185.165 118.054
191.373 128.839
200.73 137.437
212.63 143.109
226.44 144.646
240.08 142.284
251.101 135.909
260.756 127.415
267.771 117.314
271.278 105.473
273.485 93.0546
275.557 81.1547
277.16 67.8665
179.831 56.4575
185.192 47.1197
195.113 42.5051
206.696 40.1127
218.165 41.1889
232.284 40.8745
242.659 39.1126
253.802 41.5091
263.628 46.1054
268.842 54.8951
226.328 57.4664
226.646 66.1045
226.986 74.5071
227.276 83.1519
216.347 93.196
221.718 94.7858
227.26 95.9321
232.704 94.6275
237.831 92.5995
192.069 64.1773
198.092 59.0713
205.82 58.7566
212.884 64.0463
206.007 66.3815
198.1 67.0052
238.936 63.0625
245.869 57.4932
253.359 57.5226
259.243 62.3173
253.729 65.0681
246.113 65
209.545 113.78
215.623 108.323
222.064 105.726
227.049 107.181
232.268 105.468
238.639 107.832
244.741 113.288
238.844 116.504
232.658 118.026
227.098 118.641
221.851 118.267
215.4 116.814
212.686 113.049
222.215 110.538
227.217 110.992
232.614 110.298
241.231 112.577
232.447 111.529
227.037 112.457
222 111.921
