173.994 71.0084
176.542 83.4216
179.745 94.7464
182.964 106.641
186.222 118.922
192.667 129.756
202.176 138.224
214.189 143.544
228.084 144.648
241.518 142.406
252.758 136.298
262.349 127.87
268.972 117.731
272.039 105.881
273.787 93.7471
275.448 81.9695
276.822 68.5947
180.263 57.4521
185.172 47.5073
195.106 42.4847
206.711 40.0799
218.205 41.4533
232.02 41.3112
242.406 39.3087
253.685 41.621
263.534 46.6905
268.671 55.9628
226.281 57.5098
226.645 66.2702
226.961 74.6857
227.25 83.3783
216.487 93.697
221.817 95.3046
227.304 96.514
232.62 95.1223
237.787 93.1292
192.134 64.3289
197.994 58.9714
205.663 58.7781
212.852 64.2746
205.74 66.3616
197.96 66.981
238.807 63.3389
245.879 57.647
253.371 57.6491
259.255 62.7545
253.737 65.2696
246.087 65.1163
209.494 114.522
215.789 108.862
222.032 106.314
227.481 107.791
232.909 106.001
239.211 108.059
245.78 113.318
239.469 115.596
233.285 116.611
227.506 117.208
221.927 116.847
215.667 116.007
212.509 113.583
222.216 110.656
227.687 111.219
233.296 110.342
242.301 112.442
233.001 111.419
227.368 112.23
221.912 111.727
