173.027 69.1223
175.153 83.0344
178.421 96.2118
181.815 109.279
185.981 122.114
192.968 133.722
202.26 142.818
213.96 148.992
227.604 150.324
241.041 147.438
251.943 139.932
261.405 130.978
268.303 120.177
272.067 107.487
274.186 94.1534
276.371 81.0549
278.237 67.4722
179.643 55.9238
184.491 45.3778
194.366 40.2961
205.444 40.2513
215.262 43.985
236.758 42.4629
246.424 38.8597
256.824 39.1656
266.103 44.1061
270.29 54.1895
226.462 62.0175
226.657 71.5503
226.92 80.7595
227.226 90.2791
215.718 99.9381
221.185 101.537
226.816 102.633
232.306 101.372
237.629 99.6241
190.836 67.2385
197.121 60.6392
205.774 60.7289
212.981 68.1688
205.828 71.1067
196.811 71.386
238.814 67.2443
245.836 59.381
254.478 59.0028
260.352 65.138
255.415 69.4726
246.629 69.8024
207.559 119.805
215.768 114.781
222.043 112.34
226.639 113.821
232.025 112.021
238.826 114.19
246.555 118.521
239.541 122.98
232.952 124.936
227.218 125.519
222.202 125.322
215.652 123.652
211.331 119.257
222.177 117.925
226.836 118.168
232.362 117.369
243.128 118.147
232.611 118.144
227.088 118.996
222.319 118.373
