173.474 70.9073
175.564 83.8885
178.609 96.0353
181.755 108.057
185.347 120.145
191.555 131.342
200.272 140.395
211.79 146.357
225.223 148.231
239.084 146.158
250.599 139.95
260.173 131.474
267.088 120.787
270.64 108.461
272.66 95.6118
274.998 82.9416
277.348 68.8989
179.463 58.0731
184.577 48.8457
194.349 43.5742
205.996 41.6374
217.24 43.8134
234.417 42.8978
244.883 40.5309
256.057 42.0694
265.851 46.7852
270.376 56.4121
226.262 59.1308
226.427 68.3594
226.56 77.4056
226.678 86.7504
215.519 96.3498
220.713 98.0041
226.287 99.2368
231.88 98.0697
237.193 96.1461
192.209 67.3013
198.587 63.9338
205.523 63.4301
212.697 66.4099
205.771 68.5773
198.634 69.2943
239.493 65.5399
246.691 62.3519
253.579 62.4806
259.56 65.6397
253.69 67.789
246.631 67.5576
207.602 115.726
214.363 110.579
220.722 108.427
225.97 110.056
231.646 108.31
238.06 110.48
245.015 115.392
238.283 119.224
231.762 120.725
225.892 121.308
220.349 120.897
213.932 119.244
210.928 115.162
220.691 113.152
226.087 113.748
231.913 113.029
241.5 114.923
231.701 114.068
225.885 114.786
220.527 114.13
