185.854 64.4474
185.957 78.1994
186.402 91.5288
186.981 104.983
189.452 118.185
196.37 129.289
205.961 138.468
218.186 145.652
232.673 148.65
246.989 147.266
258.482 140.163
267.63 131.179
274.771 121.181
279.105 110.178
282.201 98.7539
284.979 87.5248
287.509 75.1368
194.289 57.4091
201.397 48.1571
212.996 44.2883
225.169 44.5886
236.515 49.088
254.48 50.4373
264.438 47.7694
274.732 49.0087
283.659 54.9397
285.94 66.1766
244.449 64.2492
243.828 74.7195
243.247 84.854
242.513 95.2335
227.192 98.7972
233.6 101.218
240.104 104.095
246.231 103.293
252.229 102.032
206.897 64.1513
213.732 60.1938
221.331 61.2737
227.873 67.8112
220.492 67.9405
212.779 67.108
254.874 70.847
262.544 65.6526
269.964 66.1861
275.116 71.9202
269.614 73.402
262.055 72.8342
211.586 109.302
222.684 109.321
232.247 109.934
238.403 112.227
244.715 111.301
252.093 112.82
260.357 114.283
250.543 119.592
242.775 121.225
236.193 121.204
229.491 119.878
220.535 115.981
215.237 110.293
231.587 113.729
238.01 115.353
244.313 115.018
256.737 114.93
243.439 115.639
237.089 116.064
230.617 114.581
