170.405 70.8952
172.799 83.317
176.174 95.279
179.597 107.518
183.367 119.58
189.529 130.457
198.272 138.457
209.791 143.47
223.245 144.403
236.7 142.105
247.661 136.32
257.485 128.374
264.667 117.935
268.284 106.086
270.679 93.197
272.439 80.7264
274.012 67.65
175.863 55.0081
179.682 44.6227
189.015 38.3517
200.401 36.5415
211.509 39.1584
230.277 37.6716
240.489 33.8447
251.63 34.1797
261.347 39.8259
265.774 50.1272
221.457 54.648
221.76 63.2518
222.068 71.7657
222.209 80.4545
212.273 92.3706
217.234 93.4048
222.404 94.1724
227.663 93.1756
232.77 91.5416
188.042 64.6122
193.877 59.5996
201.292 58.9465
208.603 63.2829
201.705 66.0816
194.024 66.9474
234.888 61.7527
242.001 56.8112
249.609 56.8036
255.325 61.3565
249.855 64.0729
242.074 63.9115
204.128 111.833
211.058 106.924
217.327 104.369
221.919 105.667
226.882 104.085
233.536 106.436
241.433 110.842
233.896 114.597
227.372 115.94
222.179 116.458
217.452 116.272
211.079 115.233
207.225 111.42
217.453 109.134
222.143 109.486
227.241 108.926
237.833 110.746
227.033 109.556
221.978 110.32
217.399 110.043
