167.649 73.8297
169.524 86.119
173.777 98.5708
178.945 110.459
185.05 121.313
192.605 131.435
200.986 140.75
210.927 146.969
223.146 148.673
235.692 144.46
245.177 135.933
253.219 125.4
260.003 113.92
265.064 102.087
268.024 88.7969
269.161 76.172
269.219 63.4143
171.944 46.3987
174.275 34.6832
182.507 25.9651
193.562 22.4243
204.276 24.5053
220.618 21.6862
230.416 17.3089
241.622 18.4635
251.07 24.9887
256.024 35.208
213.361 38.6878
213.835 43.4349
214.214 47.9407
214.509 52.9269
207.859 71.9086
212.199 71.7625
216.539 71.6125
221.152 70.7688
225.682 69.9248
182.157 55.0653
187.465 49.5925
194.586 47.846
202.194 50.3658
195.741 53.4025
188.588 55.1095
226.887 46.9932
233.411 42.8672
240.957 43.1058
247.411 47.3035
241.254 48.9012
233.671 48.5969
201.279 104.164
204.286 88.5966
212.303 80.5732
217.499 81.4221
222.25 79.85
231.756 85.9646
237.173 101.217
233.444 114.478
225.245 121.896
219.694 123.005
213.838 122.807
205.605 116.605
204.025 102.982
213.247 88.3098
218.322 87.663
223.031 87.4612
234.17 100.42
223.837 113.255
218.708 114.491
213.31 113.868
