170.373 72.7883
173.095 85.1189
176.441 96.8594
180.325 108.837
184.491 120.63
191.484 131.319
200.735 138.923
212.28 143.361
225.539 144.038
238.997 141.374
250.059 135.466
259.891 127.71
266.818 117.725
270.094 105.856
271.586 93.2565
272.628 81.4361
273.996 68.6586
175.792 55.9863
179.845 45.372
189.367 38.8308
200.839 36.8568
211.928 39.5104
230.751 37.6384
240.809 33.9149
251.882 34.4381
261.584 40.2263
265.638 50.6693
222.082 54.9334
222.422 63.3987
222.832 71.7067
223.205 80.2066
212.657 92.5204
217.981 93.4757
223.387 94.1404
228.746 93.0677
233.904 91.4504
188.17 64.7129
193.862 59.5165
201.123 59.0373
208.393 63.5849
201.688 66.1677
194.104 67.0329
235.396 61.8866
242.128 56.4031
249.675 56.3555
255.555 61.0585
249.983 63.7147
242.404 63.7657
204.309 111.98
211.913 106.891
218.215 104.181
222.964 105.517
228.295 103.735
234.991 105.896
243.476 109.634
235.678 113.024
229.079 114.3
223.524 115.027
218.65 114.946
212.11 114.22
207.751 111.335
218.484 108.687
223.312 108.982
228.764 108.158
239.78 109.585
228.556 108.598
223.122 109.501
218.353 109.28
