173.272 71.8579
175.356 84.8739
178.356 97.1545
181.734 109.761
185.675 121.821
192.287 132.592
201.237 140.977
212.773 146.372
225.822 147.688
239.282 145.515
250.484 139.489
259.857 131.616
266.503 121.591
269.932 110.067
271.906 97.5302
273.93 85.4361
276.066 71.9658
179.066 58.9198
184.134 49.3754
194.131 43.9521
205.82 42.1771
216.827 44.6283
234.474 44.0621
244.646 41.2393
255.938 42.2501
265.69 47.3488
270.11 57.4395
225.973 59.7775
226.08 69.0342
226.155 78.142
226.244 87.4002
215.216 97.7632
220.365 99.1656
225.898 100.144
231.323 99.0369
236.621 97.2681
191.295 66.9346
197.549 61.591
205.444 61.3507
212.791 66.9521
205.481 69.0233
197.399 69.6007
238.69 66.0347
246.077 60.2625
253.863 60.1468
259.68 65.2363
254.083 68.0374
246.193 67.8398
206.434 116.76
213.786 112.215
220.423 109.881
225.842 111.481
231.244 109.598
237.797 111.67
244.805 116.204
238.002 119.705
231.515 121.059
225.785 121.597
220.243 121.357
213.506 120.08
209.58 116.278
220.447 114.357
225.943 114.833
231.445 113.99
241.284 115.897
231.344 114.818
225.822 115.8
220.409 115.194
