172.767 70.8448
175.167 84.5717
178.699 97.8895
182.249 110.704
186.393 123.786
193.211 134.745
202.479 143.575
214.157 149.008
227.934 150.345
241.762 147.748
253.602 141.116
264.217 132.428
271.679 122.216
275.493 109.553
277.657 95.9132
279.405 82.6067
281.09 68.4858
178.896 55.4583
183.461 45.9588
192.798 40.9353
203.66 40.0991
213.791 42.7183
235.124 41.2259
245.065 38.3133
255.562 39.2911
264.868 44.6147
269.629 53.6332
225.281 61.4777
225.452 71.3342
225.595 80.9271
225.686 90.5838
215.438 100.064
220.637 101.795
226.134 103.087
231.613 101.729
236.656 99.6852
190.65 67.5125
196.648 60.9086
205.198 61.0144
212.58 68.3325
205.373 71.119
196.479 71.508
238.239 67.0281
245.186 59.1913
253.809 58.8806
260.083 64.9972
254.806 69.0868
246.091 69.432
209.708 120.045
216.137 115.064
222.109 112.704
226.292 114.016
231.091 112.44
237.879 114.419
245.193 118.782
238.204 122.682
231.871 124.558
226.702 125.083
222.317 124.992
216.086 123.604
212.801 119.343
222.442 117.724
226.616 118.04
231.594 117.303
241.565 118.44
231.367 118.282
226.413 119.19
222.193 118.703
