182.009 66.8199
182.203 80.5458
182.963 93.4235
184.241 106.496
187.363 119.123
194.324 129.883
203.489 139.277
215.65 146.543
229.784 149.88
244.216 148.692
256.899 142.236
267.337 133.94
275.604 124.107
280.559 112.722
283.567 100.099
285.994 87.6887
288.681 73.9304
190.128 57.532
196.692 48.787
207.6 44.7329
219.502 44.3191
230.293 48.3359
250.26 49.1884
260.066 46.208
270.543 47.5149
279.57 53.3444
282.899 63.6778
239.347 63.3394
238.796 73.7024
238.211 83.7555
237.53 93.9777
222.601 98.0622
229.149 100.712
235.846 103.419
242.47 102.136
248.889 100.541
202.097 64.2453
209.217 60.4576
216.57 61.3345
223.405 67.408
216.048 67.3708
208.484 66.7213
251.273 69.7907
259.016 64.8402
266.379 64.9866
272.227 69.968
266.206 71.2991
258.619 71.0518
208.062 108.433
218.769 108.263
227.958 108.921
234.15 111.044
240.83 109.892
249.149 110.885
258.759 112.204
248.058 118.082
239.539 120.18
232.547 120.397
226.02 119.152
217.179 115.52
211.746 109.432
227.505 112.384
233.933 113.902
240.589 113.422
254.997 112.835
239.893 114.779
233.166 115.284
226.71 113.889
