160.644 82.3282
165.856 94.0643
171.154 105.191
176.357 116.198
181.785 127.255
189.5 136.628
200.17 143.459
213.132 147.101
227.198 146.381
240.171 142.069
250.895 133.837
259.371 123.952
264.663 111.763
265.192 98.0569
263.898 84.4435
262.93 71.5241
261.653 58.1516
162.862 66.6242
164.246 55.0889
172.025 47.6393
182.364 43.7526
193.202 43.6529
212.463 39.5031
222.284 34.8568
233.288 34.316
243.728 38.3042
250.366 46.5869
206.573 59.9058
208.391 69.121
210.102 78.0584
211.905 87.357
204.55 98.7078
209.61 99.1891
214.971 99.4198
220.072 96.8907
224.96 94.4752
176.231 73.978
180.257 68.3032
187.471 66.497
195.292 70.0257
188.877 73.7489
181.557 75.5476
221.889 63.2919
227.19 56.9534
234.71 55.4748
241.565 58.7526
236.659 62.7167
228.888 64.0578
201.651 119.442
207.087 113.833
212.452 110.133
217.323 110.693
221.491 107.935
228.779 108.427
236.441 111.131
231.39 115.642
225.13 118.75
220.388 120.361
215.468 121.022
209.137 121.562
204.147 118.08
213.818 115.36
218.622 114.869
223.23 113.157
232.87 111.392
223.092 113.16
218.488 115.029
213.714 115.584
