172.902 77.5878
175.548 91.4915
179.07 104.945
182.932 118.543
187.28 131.921
194.87 143.778
204.536 152.791
216.55 159.308
230.21 160.734
244.511 158.534
257.084 151.294
268.127 142.075
276.178 130.57
280.834 117.578
283.353 103.684
284.804 89.7365
286.316 74.5816
178.618 65.6659
184.153 56.1393
194.691 52.1079
206.13 51.4658
217.511 53.5301
234.357 52.2611
245.339 49.8467
256.636 50.9486
267.074 55.5697
272.953 64.6313
226.774 72.8606
227.047 84.4463
227.28 95.4516
227.592 106.569
216.123 113.371
221.953 115.592
227.873 117.184
233.605 115.271
238.963 112.903
191.404 76.8298
197.568 71.4668
205.974 72.0147
212.957 78.29
205.549 80.4545
197.079 80.6468
240.037 77.6636
246.9 70.838
255.375 70.4049
261.951 75.2816
256.143 78.9932
247.745 79.4851
208.516 130.304
216.564 127.298
222.805 125.878
227.718 127.158
233.295 125.355
240.161 126.215
248.267 128.221
240.768 133.732
234.125 135.663
228.481 136.479
223.334 136.295
216.706 134.867
211.933 130.427
222.978 129.951
227.944 130.36
233.61 129.329
244.792 128.672
233.679 130.121
228.092 131.152
223.037 130.671
