179.11 66.5004
180.591 79.0798
183.039 90.9908
185.576 103.009
188.582 115.188
194.813 125.98
204.087 134.35
216.012 140.585
229.73 142.55
243.452 140.816
254.565 134.963
263.829 127.188
270.831 117.072
274.492 105.408
277.189 93.1851
279.622 81.4857
281.836 68.5405
186.177 53.8606
191.869 44.4106
202.041 39.0903
213.972 37.6498
224.87 40.9991
241.364 40.3381
251.649 37.5091
262.665 38.8679
272.125 44.0418
276.295 54.144
233.289 55.195
233.264 64.3267
233.294 73.1642
233.232 82.2592
221.435 91.8215
226.868 93.4879
232.451 94.7281
237.928 93.6428
243.133 91.8755
197.915 62.1344
204.125 57.1032
211.707 57.0281
218.628 62.0318
211.75 64.0565
203.914 64.5275
245.827 61.9878
253.034 56.9107
260.567 57.1232
266.268 62.1662
260.675 64.3839
252.993 64.0318
211.087 110.498
219.008 106.147
226.185 104.127
231.339 105.771
236.803 104.252
243.579 106.569
250.768 110.916
243.594 114.591
236.758 115.763
231.082 116.138
225.735 115.69
218.526 114.012
214.693 110.412
226.007 108.572
231.275 109.224
236.852 108.711
247.194 110.696
236.813 109.471
231.241 110.161
226.025 109.438
