180.021 65.1666
181.471 78.3229
183.743 90.4767
186.23 102.574
189.472 114.823
196.06 125.609
205.193 134.186
216.623 140.206
230.304 142.244
244.021 140.653
254.962 134.882
264.111 126.705
271.037 116.432
274.538 104.692
277.337 92.4166
280.15 80.5738
282.479 67.8043
186.66 54.0131
192.224 44.2646
202.563 38.7864
214.492 36.9304
225.781 39.7293
242.79 39.6012
253.19 37.1412
264.04 38.7013
273.283 44.0699
277.182 54.2349
234.236 54.7538
234.102 63.9485
233.994 72.7831
233.86 81.8183
221.736 91.3165
227.299 92.8809
232.815 94.1267
238.428 93.237
243.746 91.8681
198.987 61.4169
205.45 56.6803
212.872 56.6871
219.586 61.5634
212.79 63.2374
205.084 63.5835
246.466 61.7226
253.941 57.0209
261.324 57.3179
266.865 62.1402
261.218 64.1593
253.659 63.7382
211.754 109.368
219.441 105.217
226.342 103.053
231.591 104.747
237.268 103.341
244.053 105.971
251.538 110.263
243.818 114.199
236.911 115.292
231.122 115.612
225.725 114.974
218.932 113.101
215.418 109.245
226.058 107.855
231.403 108.515
237.12 108.135
247.904 110.178
237.128 108.71
231.479 109.269
226.15 108.543
