180.971 66.4184
181.557 80.3727
182.528 93.2606
183.921 106.283
187.148 119.051
194.099 129.904
203.413 139.35
215.313 146.63
229.197 149.829
243.367 148.224
255.501 141.574
265.897 133.179
273.981 123.213
278.796 111.74
281.674 99.2842
283.982 87.0362
286.542 73.1284
188.938 57.8958
195.462 48.799
206.502 44.4162
218.62 43.9578
229.46 48.0347
248.875 48.6812
258.831 45.8537
269.411 47.1249
278.444 53.053
281.524 63.5045
238.424 62.9077
237.941 73.2514
237.425 83.3311
236.8 93.5912
221.686 97.6346
228.264 100.409
235.093 103.089
241.57 101.77
247.956 100.001
201.317 64.2684
208.486 60.366
215.904 61.1688
222.727 67.2916
215.397 67.407
207.785 66.8107
250.147 69.4937
257.743 64.2649
265.094 64.506
270.792 69.4867
264.909 71.0141
257.36 70.7924
207.266 108.519
218.022 107.981
227.256 108.545
233.345 110.533
239.895 109.562
248.092 110.537
257.466 112.142
246.827 117.849
238.391 119.868
231.535 120.099
225.112 118.91
216.29 115.474
210.798 109.387
226.759 111.904
233.057 113.297
239.556 112.935
253.718 112.685
238.787 114.706
232.207 115.171
225.836 113.77
