170.262 73.0018
172.529 84.8976
175.777 96.2539
179.468 107.775
183.42 119.244
189.471 129.948
197.956 138.318
209.082 143.333
222.45 144.699
235.988 142.182
246.742 136.028
256.229 127.182
263.262 116.416
266.799 104.321
269.174 91.8217
270.722 79.6996
271.679 66.985
174.558 50.5436
177.977 40.2421
186.513 33.5356
197.542 31.3103
208.299 33.6551
226.409 32.0352
236.389 27.829
247.572 28.3698
256.962 33.8873
261.517 43.823
218.234 48.6659
218.58 56.254
218.996 63.6979
219.297 71.4204
210.539 85.9358
215.117 86.6051
219.898 87.0443
224.95 86.0473
229.815 84.6189
185.733 60.9189
190.96 55.7942
198.072 54.8609
205.502 58.4629
198.822 61.3082
191.567 62.4628
232.549 56.4146
239.395 51.7422
246.922 51.7569
252.732 56.1719
247.084 58.4976
239.511 58.4397
202.438 109.704
208.182 101.169
214.97 96.8133
220.045 98.0924
225.322 96.2295
232.586 99.86
239.195 108.126
233.35 114.772
226.465 117.309
220.818 118.108
215.426 117.901
208.406 115.426
205.889 108.61
215.389 103.33
220.424 103.405
225.758 102.873
235.376 107.417
225.804 109.213
220.382 110.03
215.329 109.633
