182.068 64.1361
183.295 76.7102
184.91 88.6754
187.062 100.486
190.208 113.099
196.939 124.047
206.444 132.91
218.211 139.294
231.653 141.634
245.307 139.941
256.498 134.089
266.082 126.253
273.243 116.54
277.116 105.069
279.648 92.7263
282.081 80.953
284.43 68.3639
189.183 52.9675
194.997 43.5772
205.536 38.4776
217.52 37.0742
228.566 40.4024
244.977 40.1791
255.351 37.7347
266.147 39.2191
275.465 44.1233
279.238 54.0694
236.633 54.8182
236.55 63.5349
236.424 72.0209
236.27 80.698
223.89 90.327
229.316 91.9566
234.799 93.24
240.513 92.3061
245.955 90.7268
201.374 61.2287
207.883 56.9003
215.182 56.8104
222.249 61.4001
215.253 63.0174
207.615 63.3743
248.443 61.7932
255.984 57.3727
263.279 57.6951
269.023 62.1075
263.12 64.0306
255.662 63.6529
213.527 108.081
221.479 103.957
228.275 102.296
233.32 104.007
238.936 102.665
245.779 105.011
253.138 109.469
245.556 113.07
238.606 114.216
232.848 114.562
227.48 113.878
220.748 111.717
216.998 107.956
227.935 106.823
233.17 107.487
238.818 107.148
249.551 109.135
238.819 107.833
233.21 108.256
227.967 107.471
