174.356 70.3811
176.502 83.3341
179.556 95.5966
182.617 107.928
186.205 120.037
192.857 130.977
202.14 139.151
214.292 144.351
228.186 145.391
241.85 143.345
252.85 137.194
262.043 128.965
268.569 118.449
271.596 106.314
273.307 93.8177
275.354 81.6955
277.545 68.4853
180.935 55.6795
185.549 45.76
195.076 40.2767
206.453 38.793
217.289 41.6211
237.049 40.7158
247.055 37.2155
257.855 37.8193
267.1 43.2874
270.804 53.6454
227.542 57.2902
227.73 66.5094
227.921 75.4628
228.053 84.6658
216.616 94.4886
222.046 95.9593
227.672 97.1425
233.206 95.9352
238.433 94.1095
193.065 65.3221
199.06 60.3583
206.574 60.13
213.605 64.9433
206.84 67.4016
199.036 67.9785
240.46 63.981
247.612 58.9941
254.998 59.0303
260.616 63.5726
255.31 66.3509
247.681 66.1877
207.591 113.592
215.113 109.102
221.776 107.211
227.038 108.767
232.58 107.117
239.404 108.98
246.788 113.067
239.559 116.697
232.818 117.772
227.122 118.251
221.746 117.945
214.86 116.79
210.735 113.237
221.889 111.442
227.211 112.053
232.857 111.283
243.267 112.903
232.603 112.012
226.978 112.964
221.737 112.31
