174.236 69.181
176.453 84.5189
179.712 99.6155
183.98 114.108
190.14 128.28
197.791 141.466
206.102 153.613
215.979 161.967
228.56 164.154
240.921 160.201
250.388 150.434
259.04 138.24
266.52 125.563
271.85 111.706
274.763 97.1542
276.56 82.997
278.29 68.1311
179.668 57.0619
184.864 47.9554
194.609 42.7761
206.294 40.7149
217.415 42.718
234.507 41.7507
244.601 38.3671
255.409 38.9874
265.268 43.1031
270.587 51.4258
226.128 54.4887
226.439 62.2225
226.703 70.0914
226.978 78.448
216.782 88.8498
221.95 90.5702
227.326 92.033
232.911 90.0444
237.816 87.6917
191.828 62.9071
197.752 58.3643
205.203 57.8612
212.303 61.5401
205.381 63.2215
197.903 63.9199
240.217 59.8973
246.954 55.6006
254.364 55.418
260.182 59.4032
254.605 61.0753
247.278 61.0711
207.757 116.998
212.688 105.265
221.283 100.55
227.182 101.773
233.236 99.972
241.721 103.503
246.121 114.31
242.159 128.68
234.284 135.559
227.741 136.868
221.431 136.557
212.668 131.101
210.118 116.189
221.656 105.403
227.504 105.198
233.476 104.622
243.47 113.911
233.703 128.21
227.395 129.673
221.365 129.226
