170.779 71.5692
172.968 83.9587
176.309 95.774
179.913 107.528
183.566 119.341
189.953 130.21
198.939 138.306
210.456 143.381
224.078 144.121
237.785 141.84
249.038 135.859
259.118 127.797
266.287 117.538
269.596 105.609
271.699 93.0311
273.24 81.0159
274.247 68.2025
175.673 55.5075
179.815 45.1145
189.243 38.8476
200.814 36.9801
211.921 39.4952
230.484 38.1879
240.501 34.1971
251.624 34.569
261.559 40.0818
266.207 50.2706
221.753 55.3881
222.057 63.9767
222.357 72.3734
222.52 80.997
212.23 92.2821
217.357 93.6937
222.639 94.6494
228.099 93.5023
233.295 91.7415
188.096 64.8049
193.962 59.7469
201.444 59.2591
208.689 63.6031
201.832 66.1832
194.074 67.0311
235.372 62.016
242.485 56.8453
250.066 56.797
255.883 61.4172
250.386 64.0999
242.661 64.0721
203.973 111.987
211.031 106.793
217.466 104.21
222.246 105.51
227.603 103.87
234.355 106.294
242.234 110.813
234.775 114.476
228.162 115.831
222.552 116.494
217.549 116.226
211.135 115.025
207.382 111.558
217.587 109.016
222.462 109.494
227.918 108.859
238.493 110.68
227.82 109.498
222.381 110.343
217.564 109.919
