173.733 68.7303
175.325 81.3107
177.893 93.2915
180.617 105.31
184.116 117.301
190.282 128.284
199.114 136.996
210.467 143.005
223.705 145.056
237.035 143.341
248.357 137.349
257.935 129.117
265.159 118.786
269.105 106.63
271.88 94.2552
274.462 82.0435
276.888 68.8346
180.1 55.5013
184.947 45.8086
194.91 40.4184
206.546 38.538
217.333 41.4468
235.413 40.8698
245.698 37.8584
256.681 38.9453
266.132 44.2643
270.01 54.481
226.452 56.5435
226.447 65.3739
226.471 73.9357
226.413 82.8572
214.977 92.9374
220.274 94.6701
225.75 95.9314
231.25 94.9377
236.405 93.2374
192.056 64.0061
198.28 58.8715
205.852 58.7064
212.85 63.6762
205.984 66.0095
198.102 66.5578
238.929 63.2716
246.462 58.2338
254.058 58.3866
259.669 63.383
254.09 65.8991
246.331 65.5469
206.003 112.346
213.599 107.854
220.103 105.893
225.11 107.679
230.505 105.957
236.975 108.288
243.788 113.002
236.715 116.309
230.166 117.131
224.539 117.456
219.333 116.892
212.908 115.271
209.326 112.128
219.939 110.347
225.088 111.12
230.599 110.44
240.395 112.623
230.178 111.45
224.674 112.162
219.595 111.307
