185.917 65.0299
186.161 78.6
186.553 91.5921
187.104 104.78
189.306 117.867
196.153 128.906
205.883 138.182
218.198 145.863
232.633 149.133
247.137 147.72
258.793 140.849
268.232 131.89
275.424 121.712
279.627 110.273
282.506 98.5553
285.11 87.2365
287.533 74.9972
193.831 57.4257
201.02 48.2917
212.677 44.4353
225.128 44.5606
236.616 49.3354
254.129 50.5933
264.189 48.0527
274.643 49.4575
283.618 55.2013
285.985 66.5065
244.391 64.0205
243.737 74.4548
243.096 84.6858
242.326 95.2353
227.184 98.4057
233.469 101.064
239.961 104.05
246.048 103.027
251.975 101.567
206.903 64.2128
213.819 60.3151
221.391 61.498
228.095 67.8084
220.536 67.8015
212.877 66.9483
254.978 71.0143
262.688 66.119
269.991 66.616
275.288 72.0484
269.647 73.42
262.15 72.8437
211.614 109.209
222.509 109.152
232.056 109.887
238.169 112.233
244.56 111.262
252.202 112.762
260.629 114.204
250.674 119.466
242.797 121.077
236.103 121.085
229.511 119.679
220.495 115.699
215.341 110.302
231.395 113.567
237.808 115.167
244.203 114.779
256.852 114.885
243.388 115.521
236.957 115.919
230.481 114.457
