179.667 65.6098
181.099 78.3832
183.494 90.608
186.174 102.78
189.21 115.2
195.68 126.295
204.765 134.873
216.484 140.814
229.99 142.493
243.372 140.659
254.626 134.803
263.88 126.728
270.841 116.69
274.514 105.115
277.243 92.7435
279.589 80.8885
281.654 68.0957
186.278 54.0395
191.92 44.1698
202.365 38.4613
214.514 36.7481
225.526 40.0953
241.564 39.9174
251.828 36.9868
262.822 38.3612
272.264 43.8969
276.392 54.0084
233.529 55.161
233.492 64.1985
233.431 72.8879
233.341 81.8372
221.417 91.5589
226.929 93.1961
232.479 94.4856
238.043 93.3789
243.309 91.6563
198.254 61.6385
204.659 56.7439
212.258 56.7308
219.408 61.8067
212.368 63.5886
204.469 64.0806
245.809 61.9013
253.348 56.8412
260.837 57.0509
266.344 61.9795
260.848 64.1753
253.131 63.8315
211.405 109.859
219.335 105.684
226.427 103.36
231.595 105.02
237.278 103.481
244.094 106.091
251.225 110.501
243.895 114.165
237.077 115.469
231.195 115.874
225.761 115.341
218.731 113.462
214.833 109.756
226.176 108.063
231.464 108.679
237.238 108.203
247.692 110.305
237.188 109.027
231.431 109.689
226.132 109.014
