174.353 71.1286
177.192 84.2237
180.439 96.1699
183.23 108.615
186.274 120.9
192.326 132.237
201.463 140.885
213.233 146.206
226.718 147.978
240.604 146.24
252.562 140.687
262.462 132.395
269.312 121.541
272.745 109.282
274.544 96.08
276.008 83.3696
277.885 69.5376
179.716 57.6278
184.721 48.2323
194.604 43.1946
206.382 41.1267
217.651 43.1703
234.304 42.121
244.815 39.7599
256.105 41.5426
265.638 46.4215
270.198 56.0929
226.424 58.5019
226.665 67.8868
226.852 77.0892
227.027 86.5545
216.189 96.8694
221.45 98.2315
226.961 99.4331
232.409 98.2163
237.582 96.3884
192.716 67.2629
198.843 64.2579
205.723 63.9185
213.172 66.5293
206.119 68.6647
198.974 69.2828
239.269 65.5201
246.601 62.582
253.346 62.7455
259.482 65.5393
253.378 67.5929
246.47 67.3795
207.934 115.771
215.103 110.936
221.271 108.912
226.485 110.452
232.248 108.691
238.874 110.469
246.33 115.13
239.282 118.437
232.517 119.636
226.594 120.102
221.248 119.722
214.858 118.793
211.06 115.2
221.315 113.179
226.621 113.809
232.503 113.042
242.7 114.711
232.417 113.997
226.577 114.752
221.321 114.182
