173.999 69.3981
175.774 82.128
178.442 94.1368
181.112 106.317
184.51 118.826
190.895 129.914
200.341 138.586
212.105 144.313
225.475 146.127
239.256 144.298
251.022 138.296
261.167 130.32
268.557 119.843
272.063 107.594
274.028 94.6289
276.066 82.1689
278.102 68.8594
180.155 56.3735
184.929 46.1769
195.099 40.364
206.907 38.8694
218.027 41.9074
236.085 41.4582
246.416 38.1782
257.549 39.1466
267.213 44.8206
270.974 55.5267
227.023 57.2097
227.068 66.114
227.146 74.6664
227.222 83.5802
215.422 93.9476
220.877 95.6632
226.538 96.8778
232.166 95.8765
237.472 94.1192
192.534 64.5481
198.64 59.7043
205.915 59.5484
212.989 64.2876
206.175 66.4282
198.605 66.9431
239.64 63.9493
247.043 59.0433
254.408 59.165
260.014 63.957
254.386 66.2282
246.892 65.9622
206.493 113.037
214.144 108.749
220.707 107.041
225.885 108.812
231.429 107.084
238.021 109.11
245.082 113.164
237.817 116.464
231.276 117.292
225.505 117.806
220.114 117.282
213.623 115.832
209.704 112.598
220.521 111.223
225.865 112.064
231.466 111.282
241.774 112.755
231.264 111.891
225.61 112.828
220.355 111.954
