167.543 75.8084
169.696 87.9852
173.598 100.166
178.901 111.868
185.078 122.479
192.275 133.125
200.688 142.206
210.59 147.304
223.153 148.304
236.011 144.768
245.857 137.737
254.212 127.21
261.011 116.176
265.79 104.047
268.463 90.5658
269.25 77.3491
269.053 64.304
171.946 44.8007
173.884 33.4326
181.56 24.7595
191.991 20.9962
201.977 22.3706
219.68 19.8419
229.34 15.5932
240.374 17.1603
249.867 23.959
254.96 34.0743
211.934 37.3634
212.425 42.092
212.857 46.5718
213.25 51.4643
206.355 71.6281
210.909 71.081
215.492 70.3993
220.145 69.848
224.893 69.2191
181.976 54.4326
186.943 48.643
193.731 46.8982
201.222 49.5822
194.945 52.6412
188.059 54.3741
225.939 46.1265
232.513 41.7857
239.942 41.8736
246.537 46.3314
240.27 47.9029
232.791 47.7748
200.905 106.355
203.829 89.5299
211.536 81.07
216.681 81.7228
221.77 79.9678
230.918 86.3426
236.073 102.368
232.666 113.825
224.837 120.122
219.176 121.267
213.626 121.298
205.483 116.057
203.744 104.504
212.539 89.1937
217.393 88.3833
222.397 88.1302
233.223 101.163
223.412 111.919
218.17 113.06
213.033 112.937
