162.102 84.4464
168.274 96.9752
174.102 107.603
179.082 118.331
184.479 129.351
192.612 138.173
203.591 144.949
216.57 149.137
230.553 148.656
243.47 144.531
254.755 136.48
263.279 126.421
268.887 114.191
269.647 100.228
268.129 86.1098
266.784 72.4903
265.629 57.8799
164.637 68.5541
165.7 56.8679
173.405 49.7281
183.137 46.1782
193.384 46.078
211.462 42.0471
221.236 37.0062
232.486 36.2131
243.416 39.8321
250.768 47.6333
206.816 62.4079
208.915 71.8706
210.824 80.9603
212.857 90.3547
205.704 101.394
210.835 101.869
216.128 102.124
221.161 99.6745
225.886 97.3343
176.752 76.7354
180.591 70.6401
187.884 68.9185
195.844 72.7319
189.581 76.2316
182.076 78.1174
222.161 65.5988
227.522 58.9578
235.254 57.3642
242.167 60.5195
237.429 64.3821
229.604 65.9118
203.941 120.704
209.036 115.609
213.522 112.349
218.556 112.864
223.018 110.117
230.619 110.502
239.025 112.977
233.498 117.635
227.236 120.764
222.235 122.45
217.106 123.032
211.549 123.538
206.715 119.694
215.011 117.164
219.973 116.836
224.866 115.09
235.493 113.258
224.972 115.504
220.094 117.201
215.093 117.729
