173.829 69.7733
176.124 82.1971
179.17 93.5323
181.978 105.528
185.22 118.03
191.826 128.902
201.318 137.567
212.943 143.463
226.629 144.762
240.504 142.675
251.445 136.395
260.678 127.746
267.385 117.258
270.554 104.922
272.632 92.5361
274.84 80.5524
276.64 67.7127
180.13 56.385
185.654 47.1585
195.599 42.6898
206.788 40.5114
218.156 41.2207
232.182 40.8115
242.703 39.4022
253.8 41.9566
263.388 46.5666
269.185 54.9261
226.14 57.2643
226.441 66.1534
226.754 74.7159
226.987 83.5852
215.561 93.3363
221.108 94.9929
226.868 96.1725
232.479 94.8959
237.767 92.9005
191.875 63.7631
197.767 58.5598
205.554 58.3299
212.54 63.7346
205.613 66.0957
197.662 66.656
238.726 62.956
245.777 57.4508
253.447 57.4998
259.36 62.3588
253.794 65.1424
246.054 65.015
206.892 114.336
214.067 108.884
221.008 106.254
226.462 107.804
231.96 106.004
238.828 108.206
245.639 113.488
239.279 116.65
232.767 118.038
226.912 118.667
221.255 118.375
214.133 117.096
210.241 113.658
221.148 111.307
226.64 111.826
232.261 111.025
242.242 112.8
232.432 111.749
226.802 112.625
221.299 112.062
