172.376 75.4566
175.058 89.3334
178.997 102.529
183.076 115.387
187.258 128.078
194.065 139.826
202.698 149.381
214.24 156.166
228.148 157.995
242.6 155.591
256.001 148.874
267.854 139.86
276.558 128.776
281.408 115.903
283.953 101.763
285.716 87.7787
287.791 72.3235
177.786 63.7403
182.938 54.0123
193.382 49.3054
205.028 48.0096
216.375 49.5797
233.549 48.6371
244.405 46.7572
255.638 48.2267
265.958 52.9707
272.052 62.0273
225.773 69.5425
225.817 80.7554
225.81 91.4387
225.862 102.163
215.41 109.56
220.723 111.838
226.413 113.459
232.047 111.65
237.324 109.345
190.993 74.1881
196.939 68.575
205.191 69.1189
212.214 75.6046
204.955 77.658
196.606 77.8323
239.32 74.5072
245.911 67.4913
254.268 67.3064
260.758 72.344
255.079 75.9642
246.746 76.4443
209.189 126.875
216.402 123.789
222.207 122.13
226.588 123.374
231.86 121.705
238.7 123.008
246.747 125.773
239.166 130.27
232.592 131.849
227.091 132.433
222.297 132.089
216.211 130.883
212.443 126.547
222.342 126.325
226.806 126.774
232.269 125.923
243.245 125.894
232.173 126.251
226.774 127.081
222.167 126.556
