173.866 67.9147
174.993 80.9733
176.953 93.2738
179.217 105.838
182.699 118.355
189.89 129.199
199.536 137.838
211.853 144.006
226.086 145.687
240.483 143.603
252.695 137.438
263.041 129.419
271.175 119.125
275.226 107.159
277.038 94.0686
278.189 81.7038
279.359 67.946
178.566 59.3193
183.98 48.9817
194.809 42.5741
207.288 40.5327
218.276 44
235.011 43.1144
246.124 39.6761
258.262 40.9941
268.852 47.017
273.608 57.9148
226.982 58.5224
226.994 68.3219
226.931 77.8838
226.892 87.7091
212.688 94.1622
219.47 96.0803
226.38 98.0894
233.417 96.3362
240.239 94.3755
191.167 64.2242
197.72 60.0543
204.965 60.1523
212.597 64.9387
205.107 65.6388
197.598 65.7554
240.224 64.4364
247.871 59.2136
255.292 59.1218
261.946 63.4572
255.477 65.0264
247.79 65.138
200.159 107.203
210.281 105.483
218.869 104.842
225.561 106.592
232.677 104.833
241.825 105.595
252.671 106.901
241.716 111.828
232.753 113.694
225.381 114.238
218.478 113.562
210.059 111.569
203.963 107.662
218.701 109.146
225.593 109.904
232.81 108.974
248.958 107.437
232.752 108.422
225.549 109.146
218.681 108.264
