173.062 70.4733
175.219 84.2096
178.739 97.2911
181.911 110.344
185.762 123.285
192.467 134.819
201.432 144.015
212.971 149.896
226.427 151.066
240.148 148.473
251.648 141.637
261.875 132.933
269.305 122.067
273.07 109.208
274.972 95.8511
276.874 82.4665
278.83 68.4513
179.439 55.4259
184.587 46.0046
194.024 41.2565
204.733 40.6658
214.623 43.5475
236.94 41.8964
246.412 38.9132
256.452 39.7177
265.379 44.6918
270.144 53.7606
226.031 61.527
226.291 71.4079
226.585 80.9713
226.884 90.7086
215.726 100.341
221.175 102.003
226.73 103.172
232.105 101.605
237.137 99.6049
190.878 67.4551
196.877 60.8113
205.471 60.765
212.703 68.0137
205.573 70.9254
196.697 71.2426
239.012 66.8887
245.812 59.0872
254.301 58.7422
260.137 64.8534
255.253 68.8629
246.695 69.283
206.768 120.193
214.55 115.052
221.368 112.807
225.898 114.299
231.274 112.597
238.342 114.318
245.915 118.485
238.911 123.086
232.138 125.15
226.388 125.792
221.431 125.634
214.368 124.02
210.444 119.688
221.459 118.04
226.066 118.464
231.531 117.686
242.428 118.187
231.664 118.526
226.195 119.494
221.5 118.872
