173.511 69.8304
175.785 82.4849
178.788 93.9328
181.873 105.901
185.043 118.32
191.18 129.462
200.26 138.424
211.789 144.157
225.875 145.79
239.742 143.575
250.679 137.3
259.85 128.769
266.601 118.246
270.142 106.232
272.535 93.6249
274.792 81.4758
276.625 68.0055
179.672 57.7601
185.158 48.3765
195.54 43.9472
207.401 42.229
219.241 43.4739
232.022 42.4829
242.801 40.4099
254.205 41.9705
264.257 46.1475
269.545 55.0898
225.91 58.2411
226.063 67.1684
226.231 75.887
226.424 84.8751
215.167 94.8562
220.641 96.3633
226.27 97.5812
231.774 96.2133
237.22 94.3511
191.324 64.951
197.474 59.7441
205.345 59.515
212.79 64.7356
205.599 67.1684
197.513 67.8005
238.579 63.7507
245.823 58.2586
253.537 58.2027
259.447 62.9058
253.901 65.8888
246.028 65.8
208.026 114.588
214.818 109.855
221.328 107.668
226.226 109.324
231.525 107.464
238.059 109.479
245.058 114.135
238.457 117.977
232.063 119.318
226.441 119.909
221.332 119.616
214.622 118.061
211.438 113.986
221.488 112.384
226.423 112.856
231.86 112.002
241.542 113.604
231.751 113.029
226.339 113.982
221.358 113.426
