182.006 64.4155
183.38 77.0211
185.278 88.8892
187.346 101.126
190.214 113.629
196.792 124.588
206.241 133.269
218.293 139.454
232.302 141.539
246.14 139.568
257.477 133.281
266.719 125.03
273.41 114.859
276.841 102.957
279.618 90.8409
282.175 79.2203
284.259 66.6923
189.051 53.1194
194.721 43.5133
205.245 38.2978
217.311 36.4686
228.22 39.7533
244.717 39.4699
255.269 37.1664
266.249 39.0388
275.48 44.5589
279.305 54.5325
236.528 54.6848
236.482 63.333
236.46 71.6782
236.411 80.3465
223.673 90.1459
229.369 91.8977
235.063 93.2124
240.686 92.3035
246.041 90.7795
200.941 61.1397
207.442 57.0652
214.705 57.0015
221.783 61.3255
214.861 62.9173
207.226 63.2913
248.269 61.7694
255.872 57.6165
263.059 57.9471
268.85 62.0477
263.001 63.9727
255.574 63.6522
213.177 108.38
221.142 104.047
228.189 102.071
233.413 103.832
239.266 102.469
246.041 105.221
253.221 109.531
245.645 113.323
238.805 114.438
232.712 114.72
227.127 113.93
220.393 111.888
216.703 108.139
227.846 107.1
233.25 107.831
239.154 107.461
249.548 109.287
238.928 107.712
233.052 108.169
227.648 107.221
