160.796 80.72
165.909 93.2374
171.126 104.805
176.322 116.047
181.895 127.273
190.11 136.229
200.746 142.802
213.34 146.674
226.721 146.094
239.209 141.718
249.715 133.65
258.254 124.261
264.195 112.409
264.884 98.7416
263.659 85.1104
262.995 71.8075
261.884 57.5237
162.874 65.8081
164.813 54.1676
172.701 46.7441
183.207 43.0972
193.861 43.3559
212.226 39.3215
221.941 34.479
232.913 33.7113
243.449 37.4714
250.428 45.8168
206.554 59.2379
208.457 68.2904
210.26 76.9882
212.212 86.1352
205.067 98.1009
210.004 98.2165
215.069 98.1955
219.848 96.0123
224.442 94.0946
175.816 73.1539
180.144 67.6307
187.284 65.8571
195.374 69.1697
188.817 72.9411
181.415 74.7519
221.459 62.4179
226.988 56.3522
234.39 55.1196
241.46 58.1409
236.462 62.0705
228.617 63.3739
201.241 118.568
206.827 112.459
212.113 108.607
216.997 109.146
221.557 106.576
228.987 107.774
236.631 110.811
231.242 115.341
224.831 118.357
219.768 119.978
214.615 120.474
208.736 120.785
204.017 117.17
213.39 114.235
218.214 113.812
223.171 112.126
232.953 110.843
222.932 112.196
218.005 113.948
213.123 114.458
