182.782 63.8273
184.072 76.8017
185.939 88.9367
188.117 101.004
191.333 113.485
197.87 124.438
207.185 133.189
218.794 139.861
232.473 142.155
246.181 140.462
257.379 134.193
266.561 125.901
273.539 115.608
277.385 103.765
280.277 91.4179
282.803 79.3217
285.01 66.5857
189.824 53.8183
195.42 43.8457
206.124 38.5372
218.407 37.1165
229.502 40.7443
244.82 40.3519
255.143 37.6185
266.285 39.2677
275.78 44.5767
279.844 54.8305
237.095 54.7826
237.005 63.7293
236.877 72.3206
236.67 81.2338
224.186 90.4247
229.811 92.2379
235.508 93.6486
241.283 92.6822
246.821 91.0092
201.755 61.287
208.248 57.1037
215.408 57.0504
222.58 61.5384
215.485 63.084
207.999 63.3891
249.04 61.8943
256.551 57.5643
263.816 57.8181
269.723 62.0135
263.77 64.124
256.263 63.7373
214.057 108.326
221.812 104.317
228.775 102.536
234.067 104.393
239.673 103.007
246.326 105.445
253.512 109.794
245.875 113.535
239.173 114.794
233.283 115.079
227.708 114.32
220.973 112.088
217.381 108.029
228.534 107.063
233.972 107.926
239.667 107.493
249.856 109.372
239.309 108.384
233.577 108.987
228.14 108.038
