174.043 67.9691
175.811 80.593
178.413 92.5856
181.122 104.859
184.372 117.027
190.483 128.064
199.348 136.709
210.902 142.65
224.29 144.507
237.97 143.14
249.109 137.36
258.611 129.26
265.733 118.756
269.334 106.667
271.82 94.1372
274.408 81.884
276.879 68.4911
180.759 54.5327
186.01 45.1003
196.042 39.9104
207.604 38.1896
218.348 41.2129
235.726 40.6204
246.203 37.5806
257.255 38.7483
266.652 44.188
270.672 54.27
227.07 56.1131
227.06 64.9257
227.097 73.4394
227.019 82.3222
215.361 92.8754
220.698 94.5117
226.282 95.7421
231.665 94.7353
236.752 92.9456
192.588 63.7125
198.891 58.9597
206.309 58.8134
213.451 63.468
206.455 65.6059
198.809 66.151
239.317 63.2168
247.026 58.3645
254.553 58.5235
260.073 63.235
254.525 65.6099
246.827 65.2298
205.901 112.159
213.704 107.678
220.327 105.83
225.425 107.581
230.92 105.839
237.48 107.982
244.635 112.418
237.202 115.671
230.701 116.441
225.013 116.861
219.767 116.49
213.088 115.218
209.422 111.835
220.187 109.966
225.372 110.774
230.993 110.041
241.038 112.092
230.714 111.021
225.121 111.726
219.993 110.987
