180.677 64.8341
182.221 77.6229
184.315 89.5745
186.675 101.793
189.676 114.507
196.176 125.501
205.513 134.011
217.27 140.132
231.015 142.023
244.638 140.108
255.731 133.882
265.152 126.092
272.182 116.143
275.587 104.214
277.965 91.9064
280.459 80.0957
282.623 67.341
187.429 53.9487
192.984 43.8988
203.632 38.4129
215.816 36.9495
226.72 40.4052
242.819 39.9585
253.12 37.1597
264.13 38.6436
273.617 43.9133
277.609 54.2968
234.67 54.8344
234.595 63.6599
234.522 72.1942
234.427 81.0483
222.116 90.8393
227.828 92.5565
233.514 93.9112
239.244 92.831
244.64 91.2482
199.453 61.3601
205.944 56.7067
213.375 56.8054
220.365 61.6193
213.306 63.2524
205.628 63.5809
246.866 61.8333
254.385 57.0689
261.689 57.3021
267.314 61.9091
261.645 63.9422
254.141 63.62
212.354 109.158
220.237 104.644
227.039 102.72
232.375 104.572
238.307 103.102
244.826 105.69
251.997 109.933
244.442 113.665
237.817 114.839
231.702 115.269
226.103 114.584
219.534 112.552
215.808 108.847
226.76 107.511
232.24 108.274
238.235 107.796
248.316 109.726
237.947 108.437
231.962 108.984
226.5 108.158
