173.444 68.5262
174.568 81.1112
176.537 93.0166
178.841 105.198
182.245 117.688
189.467 128.738
199.18 137.959
211.737 144.18
226.262 145.974
240.629 143.859
252.867 137.623
263.073 129.436
271.428 119.079
275.579 106.97
277.346 93.8013
278.342 81.3571
279.203 67.8376
178.502 59.416
183.906 49.5666
194.545 43.5216
206.901 41.2952
218.219 44.4471
235.448 43.5656
246.167 40.4333
257.811 41.877
267.998 47.52
272.772 57.6933
227.026 58.6795
227.038 68.7075
226.931 78.473
226.79 88.5982
212.724 94.5854
219.534 96.6362
226.43 98.8107
233.418 96.9198
240.334 94.9649
191.166 64.3001
197.708 60.3509
204.806 60.362
212.36 64.8449
204.958 65.5904
197.635 65.7162
240.435 64.7521
247.993 59.782
255.208 59.6604
261.814 63.8945
255.364 65.3631
247.975 65.4555
200.447 107.21
210.522 105.605
218.974 105.058
225.543 106.789
232.515 105.168
241.547 105.877
252.378 107.187
241.344 111.623
232.636 113.575
225.341 114.124
218.52 113.465
210.143 111.298
204.149 107.618
218.779 109.043
225.56 109.9
232.648 109.001
248.686 107.767
232.611 108.656
225.533 109.368
218.718 108.417
