177.397 66.5583
178.973 79.8039
181.688 92.4468
184.708 105
188.35 118.334
194.51 130.409
203.224 140.772
214.527 148.482
227.972 151.112
241.782 148.699
252.802 141.255
261.74 131.339
268.977 119.588
273.013 106.504
275.861 93.076
278.463 79.9241
280.574 65.6244
183.826 54.269
189.232 45.1592
199.23 40.2173
210.957 38.3655
221.736 41.2316
238.022 39.9466
248.363 36.8644
259.501 38.2944
269.127 43.1243
274.044 52.1943
230.019 54.9612
230.196 64.0134
230.346 72.8282
230.484 82.0038
218.866 91.2341
224.236 93.5453
229.825 95.3962
235.6 93.7546
240.869 91.5336
195.271 62.277
201.465 57.3288
208.859 57.2322
216.372 61.8008
209.123 63.5014
201.504 64.0679
242.898 61.1512
250.26 56.2379
257.825 56.0307
263.727 60.5922
258.019 62.6105
250.405 62.5611
209.189 112.945
215.814 105.826
223.104 103.327
229.024 104.872
235.207 103.462
242.678 105.798
248.705 112.66
242.612 121.571
235.309 125.181
228.807 126.044
222.526 125.314
215.166 121.609
212.466 112.591
223.125 107.183
229.07 107.736
235.217 107.117
245.637 112.441
235.15 118.374
228.877 119.241
222.813 118.429
