167.755 72.9498
169.444 85.3022
173.287 97.6428
178.488 109.965
185.013 120.959
192.859 131.179
201.77 139.906
212.061 145.102
224 146.35
236.118 142.685
245.537 135.149
253.568 125.088
259.972 113.907
264.719 102.166
267.642 89.3186
268.942 76.6665
268.988 64.0211
172.432 46.5235
174.8 35.0767
182.914 26.3644
194.137 22.7267
205.055 25.0075
219.973 22.4074
230.017 17.7797
241.458 18.7939
251.577 25.1379
257.017 35.3821
213.507 39.1211
213.879 43.6093
214.143 47.9893
214.298 52.9619
207.819 72.7752
212.103 71.9993
216.252 71.4315
220.811 71.0562
225.476 70.782
182.254 55.1302
187.765 49.5239
194.866 47.7785
202.505 51.044
196.075 53.855
188.743 55.3578
226.939 47.5727
233.613 42.6872
241.284 43.0755
247.962 47.4913
241.593 49.2093
233.82 49.0145
201.264 104.642
204.174 89.1884
212.065 81.0812
217.358 81.872
222.311 80.2247
231.813 86.5494
237.142 101.311
233.488 114.125
225.389 121.19
219.653 122.298
213.733 122.153
205.719 116.36
204.046 103.365
212.938 88.6394
218.078 87.9703
223.053 87.6245
234.271 100.339
224.212 112.972
218.831 114.224
213.301 113.783
