163.893 75.4305
166.913 85.3216
170.22 94.5678
174.22 103.915
178.487 113.3
185.06 121.314
194.663 126.344
206.104 128.314
219.371 127.422
233.17 124.683
244.305 120.525
254.332 114.281
261.318 105.599
264.138 94.8446
265.416 83.5202
265.864 72.0943
265.811 60.2328
168.012 50.4599
170.231 39.1484
177.646 31.0031
188.205 26.6464
198.599 27.833
214.363 24.8699
224.393 21.0035
235.741 22.536
245.342 28.3368
251.317 37.7141
208.347 42.9243
209.047 48.3253
209.599 53.5696
210.193 59.1811
203.437 76.5743
207.912 76.3828
212.36 75.9173
217.326 75.0973
222.145 73.875
178.779 59.19
183.197 53.7696
189.954 51.8522
197.56 54.1534
191.534 57.3685
184.607 59.4005
222.943 49.7719
229.392 45.2039
236.542 45.2675
243.058 48.9348
237.014 50.9448
229.79 51.1909
197.288 100.489
202.951 92.2541
208.888 87.1818
213.671 87.606
218.373 85.4653
225.977 88.1039
234.149 94.069
227.439 96.5215
220.8 98.3881
215.651 99.5794
210.836 100.115
204.528 100.511
200.157 98.8391
209.737 93.1016
214.472 92.444
219.329 91.4021
230.384 93.4248
219.564 92.6222
214.635 93.9138
209.933 94.3466
