173.248 71.6456
175.409 84.4368
178.578 96.2815
181.758 108.124
185.084 120.198
191.341 131.082
200.509 139.352
211.933 144.72
225.331 145.993
239.048 144.102
250.249 138.11
259.965 129.998
267.064 119.631
270.596 107.551
272.751 94.8361
275.074 82.3354
277.395 68.412
178.837 59.659
183.779 50.3296
193.734 45.3319
205.458 43.6778
217.081 45.2317
233.624 44.5793
243.991 41.9028
255.108 42.4036
265.246 46.6407
270.122 55.981
225.397 59.4817
225.565 68.3403
225.709 76.8854
225.855 85.6956
214.988 96.2296
220.288 97.5884
225.658 98.5938
231.048 97.6311
236.366 96.0415
191.249 66.7027
197.401 61.5321
205.105 61.1395
212.3 66.3066
205.261 68.6785
197.419 69.3097
238.196 65.2178
245.413 59.6418
253.107 59.3944
259.009 64.2631
253.495 67.2186
245.698 67.1814
207.013 115.318
213.872 110.565
220.188 108.491
225.364 110.134
230.885 108.354
237.671 110.318
244.86 114.851
237.841 118.129
231.145 119.595
225.33 120.206
220.057 119.806
213.695 118.31
210.154 114.829
220.222 112.947
225.468 113.48
231.117 112.719
241.435 114.492
230.992 113.944
225.333 114.82
220.16 114.18
