181.055 65.145
182.624 78.1138
184.61 90.2775
186.913 102.457
190.106 114.825
196.722 125.794
206.1 134.177
218.071 140.284
232.04 142.251
245.856 139.885
256.995 133.565
266.263 125.666
272.988 115.718
276.359 104.039
278.618 91.8696
281.058 79.9962
283.334 67.2483
187.738 54.4555
193.468 44.784
204.044 39.6876
216.124 38.1067
227.04 41.2829
243.641 40.4104
254.278 37.7995
265.464 39.4971
275.038 44.7636
278.925 55.0735
235.648 55.532
235.759 64.4705
235.873 73.1064
235.929 82.0763
222.955 91.1856
228.822 93.0132
234.746 94.3881
240.477 93.3085
245.927 91.618
199.477 62.2768
205.938 58.1075
213.34 57.9615
220.666 62.2301
213.56 63.8515
205.928 64.2643
247.795 62.1953
255.372 57.92
262.589 58.1578
268.531 62.2282
262.595 64.196
255.131 63.8966
212.466 108.97
220.591 104.92
227.763 103.304
233.199 105.123
239.158 103.638
245.821 105.916
252.904 109.832
245.434 113.697
238.669 115.217
232.504 115.686
226.84 114.98
219.766 112.734
215.951 108.608
227.551 107.773
233.125 108.572
239.145 108
249.275 109.574
238.773 108.933
232.743 109.605
227.152 108.697
