173.416 70.9042
175.91 83.5332
179.027 94.843
182.17 106.819
185.22 119.357
191.294 130.933
200.485 140.079
212.653 145.443
226.679 147.01
240.75 144.808
252.146 138.533
261.682 129.884
268.359 119.382
271.718 107.414
273.945 94.8216
276.38 82.3284
278.662 68.5762
180.054 56.7844
185.017 47.5584
194.476 42.3921
206.073 40.1574
217.578 41.8454
234.451 41.0434
244.904 38.8111
255.983 40.8089
265.523 45.6908
269.963 55.5132
226.657 57.9188
226.835 67.1554
226.96 76.1783
227.112 85.4733
216.156 95.8949
221.422 97.2098
226.998 98.4386
232.495 97.2244
237.83 95.2796
192.696 66.6861
198.775 62.904
205.932 62.5423
213.244 65.9487
206.112 68.2647
198.803 68.9517
239.491 64.8852
246.712 61.1873
253.805 61.2713
259.893 64.6543
253.994 67.1125
246.737 66.9506
208.525 115.059
215.368 110.193
221.555 108.002
226.866 109.569
232.502 107.764
238.956 109.718
246.276 114.727
239.566 118.474
233.133 119.608
227.143 120.234
221.6 119.795
215.199 118.527
211.755 114.384
221.741 112.545
227.12 113.079
232.958 112.323
242.551 114.161
232.871 113.292
226.983 114.117
221.58 113.487
