173.749 69.5372
175.45 81.879
178.193 93.9205
181.501 106.315
185.034 118.655
191.073 130.168
199.788 139.232
211.304 144.882
224.939 146.335
238.928 144.008
250.312 137.78
260.417 129.215
267.574 118.433
271.59 106.015
274.064 92.9547
276.04 80.4406
277.661 66.9074
179.251 54.3172
183.442 44.5484
192.526 38.6613
203.622 37.0073
214.255 39.4179
235.142 38.2906
244.929 35.2808
255.519 36.4655
264.586 42.1815
268.919 51.6089
225.339 56.8248
225.409 66.1776
225.399 75.2841
225.393 84.4324
214.88 94.882
219.991 96.4391
225.348 97.6397
230.832 96.3711
236.095 94.4218
191.069 65.026
197.165 59.8878
204.811 59.6895
212.264 64.5991
205.055 67.2793
197.129 67.8812
238.379 63.5527
245.642 58.2348
253.301 58.0759
258.974 62.9616
253.563 65.9207
245.762 65.7872
206.718 113.891
213.671 109.273
220.182 107.293
225.025 108.714
230.399 107.08
237.184 108.85
244.874 113.114
237.475 117.043
230.748 118.216
225.119 118.812
220.02 118.608
213.483 117.35
209.972 113.395
220.248 111.692
225.189 112.278
230.669 111.515
241.374 113.011
230.57 112.316
225.05 113.249
220.134 112.825
