173.282 71.3788
175.247 84.1205
178.175 96.0637
181.378 108.52
185.163 120.903
191.518 132.076
200.548 141.16
212.362 147.47
226.114 149.189
240.064 146.981
251.556 140.314
261.476 131.777
268.457 121.067
271.843 108.94
273.911 95.7407
275.982 83.1767
277.846 69.189
179.025 59.177
183.83 49.7169
193.503 44.5308
205.01 42.4601
216.182 44.4626
234.364 43.4585
244.566 40.7398
255.743 42.1241
265.444 47.2604
270.112 57.0983
225.667 59.8799
225.779 69.3755
225.845 78.5857
225.942 87.9611
214.839 97.757
220.141 99.4418
225.8 100.751
231.456 99.4636
236.804 97.5252
191.214 66.7249
197.361 61.254
205.045 61.1109
212.321 66.8234
205.128 68.7558
197.211 69.2854
238.669 65.8697
245.881 59.9511
253.768 59.7435
259.774 64.9964
254.113 67.7258
246.131 67.6015
206.354 116.481
213.486 111.948
220.209 109.931
225.626 111.451
231.043 109.779
237.951 111.556
245.359 115.965
238.221 120.064
231.563 121.652
225.812 122.282
220.221 121.932
213.35 120.64
209.491 116.128
220.33 114.409
225.858 114.958
231.375 114.178
241.761 115.593
231.304 115.219
225.745 116.229
220.261 115.713
