167.294 74.4007
169.173 86.644
172.614 98.9886
177.653 110.764
183.763 121.899
190.627 132.693
199.061 142.058
209.192 146.978
222.224 148.043
235.518 144.851
245.366 137.788
253.476 127.257
259.855 115.542
264.386 103.026
266.857 89.5104
267.797 76.3218
267.893 62.867
171.552 46.0272
172.895 33.8239
180.82 24.7947
191.694 21.0413
202.146 22.9299
218.582 20.1954
228.516 15.7411
240.093 16.7958
250.108 23.8213
254.769 35.0262
211.403 37.3004
211.904 41.9364
212.371 46.2967
212.81 51.3823
205.776 70.5723
210.385 70.4559
215.092 69.9073
219.974 69.4012
224.643 68.6022
182.007 54.035
186.717 48.443
193.278 46.6502
200.802 48.7435
194.629 52.1152
187.926 53.9351
225.815 45.5273
232.439 41.5098
239.616 41.7318
245.907 46.0632
239.726 47.5418
232.486 47.3664
200.952 105.86
204.399 90.4092
211.82 82.7615
216.602 83.5739
221.48 81.7907
230.162 87.5231
235.733 102.326
231.657 112.735
224.238 118.18
218.7 119.053
213.516 119.148
205.842 114.824
203.599 103.828
212.768 89.7892
217.242 89.172
222.175 88.8704
233.053 100.945
222.973 110.435
217.82 111.371
213.036 111.197
