171.109 71.8023
173.426 84.3455
176.798 96.2077
180.623 108.292
184.356 120.263
191.022 131.068
200.426 139.013
212.288 143.609
225.974 144.368
239.615 141.863
250.704 136.048
260.24 128.255
267.061 117.93
269.818 105.709
271.276 92.998
273.002 80.9114
274.484 67.8429
176.193 55.1152
180.51 44.8355
189.965 38.5428
201.327 36.8687
212.341 39.4363
231.13 37.8913
241.108 33.8743
252.101 34.4496
261.876 40.0814
266.255 50.0872
222.4 55.1136
222.688 63.9068
223.002 72.4835
223.305 81.2683
212.783 92.4507
218.103 93.6794
223.524 94.6275
228.939 93.2748
234.229 91.5442
188.427 64.7364
194.179 59.4337
201.697 58.9251
208.971 63.5818
202.187 66.2135
194.414 67.058
235.676 61.9371
242.674 56.5599
250.284 56.4243
256.089 61.1254
250.595 63.8827
242.868 63.8783
204.815 111.814
212.147 107.136
218.501 104.763
223.43 106.103
228.757 104.361
235.729 106.223
244.056 109.637
236.318 113.375
229.479 114.683
223.885 115.43
218.83 115.305
212.264 114.478
208.064 111.337
218.727 108.901
223.697 109.353
229.176 108.458
240.522 109.721
229.019 109.109
223.534 110.103
218.658 109.777
