169.764 70.0496
172.03 82.6604
175.454 94.8321
178.949 107.052
182.595 118.966
189.069 129.811
198.027 138.024
209.486 143.483
222.938 144.877
236.679 142.238
247.945 135.806
257.803 127.448
264.936 117.088
268.454 104.922
270.415 91.9263
271.909 79.4424
273.025 66.1253
175.195 53.7209
178.911 43.2124
188.134 36.5311
199.768 34.6577
210.839 37.2748
228.38 35.4997
238.392 31.5681
249.607 32.0652
259.372 37.8354
263.508 48.3251
220.373 52.9291
220.696 61.186
221.022 69.32
221.179 77.6677
211.052 90.0986
216.256 91.2321
221.531 92.0489
227.001 91.0877
232.222 89.2414
186.983 63.6614
192.982 59.4012
200.074 58.6357
207.288 61.7007
200.749 64.3367
193.292 65.3319
234.005 60.0332
241.027 56.0336
248.279 56.0447
253.991 59.7843
248.418 62.1571
240.963 62.0197
202.941 111.49
209.734 105.21
216.352 101.781
221.179 103.095
226.297 101.417
233.134 104.401
240.702 110.001
233.667 114.864
227.121 116.673
221.666 117.345
216.617 117.126
209.911 115.38
206.731 110.863
216.53 107.271
221.414 107.512
226.67 106.999
236.658 109.661
226.734 109.518
221.443 110.325
216.6 109.996
