173.538 68.8644
174.527 81.9474
176.391 93.9383
178.887 106.118
182.69 118.216
189.824 129.143
199.468 138.366
211.737 144.69
226.009 146.585
240.194 144.441
252.423 138.014
263.029 129.566
271.485 119.019
275.63 106.794
277.481 93.607
278.634 80.9837
279.549 67.6333
178.881 59.0956
184.115 49.3672
194.409 43.4836
206.467 41.1141
217.915 43.6863
235.374 43.1384
246.456 40.2569
258.177 41.7108
268.313 47.377
273.104 57.74
226.74 58.5448
226.837 68.4637
226.808 78.01
226.754 87.989
212.69 94.7265
219.456 96.6585
226.347 98.5912
233.275 96.8595
240.07 94.9808
190.877 64.4734
197.425 60.2703
204.612 60.2294
212.26 65.1014
204.767 65.8652
197.271 65.9716
240.389 64.7613
247.979 59.5932
255.392 59.379
261.945 63.8186
255.621 65.5007
247.986 65.5739
200.188 107.636
210.249 105.824
218.956 105.247
225.563 106.98
232.213 105.317
241.404 106.016
251.936 107.505
241.207 111.737
232.434 113.619
225.444 114.233
218.609 113.567
209.951 111.554
203.769 108.079
218.788 109.356
225.588 110.169
232.42 109.319
248.266 108.021
232.428 108.553
225.588 109.409
218.738 108.585
