174.401 67.3042
175.125 80.1061
176.816 92.0758
179.638 104.492
183.414 116.793
190.619 127.919
200.491 137.441
213.062 143.841
227.643 145.595
241.936 143.313
253.661 136.599
263.545 127.698
271.031 116.595
274.428 104.107
275.955 90.9178
276.871 78.7898
277.389 65.8812
179.78 57.261
184.813 47.3369
194.991 41.1832
206.808 39.4345
217.555 42.4206
236.764 41.4377
246.687 37.697
257.751 38.406
267.421 44.0165
271.785 53.895
227.464 57.5125
227.654 67.0532
227.784 76.2389
227.96 85.8142
213.928 93.2021
220.643 94.8601
227.369 96.6452
233.978 95.0873
240.453 93.4816
191.99 64.0743
198.616 59.8369
205.891 59.792
213.314 64.6533
206.113 65.6891
198.54 65.82
240.362 64.2
247.95 59.0917
255.186 58.854
261.319 63.1519
255.596 65.0501
248.042 65.2244
201.214 106.652
211.363 104.57
220.199 103.853
226.483 105.432
233.32 103.839
242.381 104.737
253.106 106.349
242.468 112.196
233.644 114.162
226.598 114.867
219.968 114.2
211.259 111.908
204.922 107.213
220.032 108.253
226.488 108.929
233.37 108.055
249.561 107.022
233.475 108.846
226.646 109.542
220.108 108.765
