179.659 67.5038
180.528 80.7127
182.316 92.9221
184.492 105.247
187.586 118.213
194.172 129.992
203.251 139.597
215.115 146.593
229.275 149.134
243.833 147.4
255.609 140.847
265.254 132.028
272.402 121.316
276.372 109.015
278.944 96.3241
281.25 84.07
283.579 70.6422
186.969 57.0191
192.432 47.4978
202.967 42.6191
215.305 41.8399
226.408 46.0048
244.975 45.9912
255.02 42.45
265.803 43.3185
275.129 48.5736
278.393 59.0086
235.002 61.3535
234.91 70.5284
234.822 79.5173
234.666 88.8393
221.677 97.5888
227.459 99.7714
233.462 101.435
239.334 100.277
244.619 98.365
199.578 67.4591
206.489 65.3642
213.494 65.3443
220.745 68.0511
213.612 69.8768
206.19 70.0963
247.204 68.5933
255.089 66.5529
261.927 66.7805
267.832 69.1735
261.803 71.4248
254.575 71.01
211.459 115.155
219.881 111.72
226.799 110.5
231.948 112.288
237.484 110.889
243.577 112.816
250.738 116.607
243.163 119.958
236.845 120.714
231.039 120.958
225.476 120.353
218.732 118.514
215.054 114.997
226.414 114.571
231.756 115.587
237.405 114.939
247.168 116.417
237.155 114.903
231.457 115.499
226.071 114.482
