173.207 72.1063
175.38 84.8287
178.461 96.7019
181.585 108.936
185.209 120.91
191.68 131.825
200.665 140.221
212.273 146.283
225.821 147.75
239.539 145.643
250.799 139.132
260.058 130.819
266.753 120.28
270.176 108.557
272.391 96.0289
274.691 83.7622
276.683 70.1734
178.747 59.0411
183.694 49.5365
193.592 44.1063
205.154 42.1736
216.354 44.3851
234.666 43.5706
244.942 40.8694
256.036 42.0843
265.795 47.0097
270.289 56.8237
225.84 59.6025
226.056 69.0596
226.207 78.2426
226.356 87.6601
215.277 97.5533
220.514 98.982
226.032 100.138
231.451 99.0215
236.68 97.1546
191.162 66.7781
197.335 61.2801
205.231 61.0457
212.49 66.7269
205.167 69.1027
197.089 69.7069
238.837 65.8376
245.963 60.0196
253.834 59.8126
259.821 64.9024
254.16 67.9867
246.182 67.9238
206.713 116.565
213.799 111.942
220.496 109.628
225.959 111.221
231.362 109.391
238.053 111.542
244.905 116.128
238.394 120.068
231.79 121.617
226.061 122.293
220.493 121.99
213.552 120.527
209.818 116.206
220.589 114.541
226.134 115.027
231.645 114.313
241.547 115.831
231.572 115.03
226.026 115.967
220.556 115.427
