173.722 70.7602
175.827 83.9715
178.844 96.3448
182.042 108.835
185.71 121.137
192.136 132.473
201.06 141.325
212.461 147.153
225.545 148.691
239.059 146.682
250.475 140.691
260.274 132.18
267.327 121.347
271.071 108.971
273.285 95.9682
275.608 83.2
277.981 69.2888
179.115 58.6384
184.108 49.3766
193.9 44.1402
205.565 42.2029
216.691 44.6044
234.401 43.6286
244.908 40.9941
256.264 42.5077
266.057 47.4829
270.572 57.2036
226.067 59.8898
226.129 69.2056
226.109 78.3077
226.094 87.7101
214.875 97.2981
220.163 98.9963
225.823 100.304
231.58 99.0266
237.086 97.0863
191.801 67.409
198.007 63.3296
205.197 63.0204
212.511 66.9106
205.376 69.0521
198 69.6629
239.111 66.1269
246.548 61.9334
253.778 62.0521
259.779 65.8414
253.849 68.2737
246.448 68.0164
206.548 116.73
213.44 111.707
220.094 109.768
225.623 111.417
231.327 109.588
237.933 111.449
245.23 116.182
238.153 120.057
231.4 121.56
225.494 122.08
219.829 121.758
213.085 120.204
209.573 116.144
220.141 114.135
225.736 114.778
231.564 113.924
241.749 115.759
231.329 115.365
225.536 116.253
219.98 115.68
