173.634 70.2187
176.175 85.6038
179.558 101.064
183.797 115.493
189.662 129.395
196.978 142.323
205.21 153.606
215.049 161.386
228.129 163.528
241.38 160.184
251.613 150.923
260.567 139.45
267.972 126.94
272.928 112.802
275.504 98.0534
277.214 83.6993
279.38 68.5466
179.442 57.5851
184.873 48.4439
194.822 43.2803
206.903 41.5402
218.245 43.9141
233.303 42.9774
243.636 39.2165
254.996 39.8386
265.278 44.1888
270.881 53.2918
225.884 54.6497
226.04 62.467
226.158 70.3973
226.27 78.6972
215.549 88.173
220.999 90.1659
226.795 91.973
232.777 89.9925
238.133 87.4962
191.501 63.0687
197.513 58.4336
204.859 58.0255
212.051 61.4622
205.028 63.1516
197.672 63.8559
240.052 60.0383
247.113 55.9964
254.48 56.0804
260.6 60.1165
254.587 61.3562
247.265 61.219
207.524 117.94
211.7 104.467
220.239 100.013
226.917 101.247
233.54 99.6837
242.151 103.29
246.111 115.973
242.115 128.364
234.133 134.691
227.154 135.804
220.266 135.465
211.81 130.093
209.645 116.606
220.618 104.574
227.19 104.518
233.795 104.008
243.588 115.073
233.729 127.959
226.849 129.36
220.223 128.789
