173.229 73.7977
175.837 87.3434
179.298 100.186
182.849 112.909
187.017 125.595
193.969 137.272
203.69 146.136
216.006 151.732
230.109 153.105
244.418 151.123
256.713 144.812
266.944 136.063
274.391 124.949
277.915 111.873
279.718 97.8027
280.904 84.2948
282.098 69.9722
179.594 60.6548
184.975 51.3936
195.055 46.4083
206.795 45.3492
217.733 48.1837
236.09 46.4367
245.78 42.1822
256.863 41.8819
267.059 46.7303
271.878 56.6981
227.358 63.5603
227.563 73.3808
227.695 83.0123
227.784 92.9456
216.602 101.687
222.073 103.651
227.822 104.974
233.522 103.655
238.732 101.7
192.761 70.8784
198.815 66.8291
206.019 66.5736
213.247 70.4414
206.329 72.8581
198.811 73.4094
240.501 69.4915
247.77 64.9477
255.137 64.7514
261.332 68.3717
255.515 71.2906
247.953 71.4157
208.509 120.187
215.816 116.046
222.022 114.341
227.361 115.741
232.891 114.152
239.538 115.887
247.495 119.474
239.936 123.191
233.54 123.863
227.845 124.279
222.349 123.959
215.853 123.095
211.695 119.837
222.23 118.628
227.6 119.188
233.262 118.462
244.014 119.45
233.185 118.525
227.547 119.23
222.216 118.709
