174.232 71.6126
176.906 85.3935
180.278 98.4584
183.583 111.477
186.881 123.904
193.11 134.927
202.229 142.832
213.949 147.842
227.247 149.002
240.719 146.735
252.317 141.268
261.913 133.274
268.347 122.906
271.716 110.561
273.563 97.3207
275.868 84.1655
278.277 69.9918
179.387 59.0923
184.317 49.0319
194.45 43.4363
206.306 41.8319
217.391 44.2817
234.149 43.4055
244.83 40.8501
256.402 42.0053
266.456 47.6582
270.579 58.3454
225.948 60.013
225.937 69.3838
225.934 78.4547
226.003 87.7455
215.394 98.1354
220.464 99.5495
226.065 100.335
231.61 99.0686
237.043 97.2065
191.668 66.9422
197.863 61.5476
205.739 61.434
213.066 67.2921
205.793 69.3602
197.652 69.8936
238.989 66.1285
246.223 60.2032
253.967 60.1231
259.793 65.219
254.122 68.0326
246.254 67.8873
211.196 121.769
216.184 113.245
221.446 109.826
226.435 111.105
231.683 109.158
237.641 111.612
243.383 117.816
238.176 120.122
232.484 121.383
227.162 122.401
222.21 122.582
216.57 122.645
214.422 120.346
221.657 114.93
226.616 115.054
231.934 114.149
239.943 116.955
232.179 115.036
226.916 116.196
222.048 116.061
