161.961 84.368
167.537 96.7078
173.103 107.698
178.64 118.761
184.414 129.872
192.872 139.041
203.961 145.696
216.994 149.979
231.441 149.269
244.734 145.001
256.32 136.566
265.313 125.923
271.226 113.648
272.293 99.6786
271.22 85.6402
269.106 71.9608
266.936 57.5611
164.854 68.5922
166.421 57.6573
173.703 51.2357
182.95 47.8856
193.303 47.6094
211.846 43.6251
221.16 38.4012
231.853 37.0855
242.36 39.7729
250.477 46.1949
206.548 63.8026
208.743 72.9985
210.809 81.8798
212.993 90.9679
205.652 102.566
211.007 103.008
216.375 103.016
221.281 100.624
225.874 98.3964
177.124 77.423
180.926 71.5594
188.132 69.819
195.989 73.3664
189.609 77.1189
182.232 78.9939
221.994 66.0705
227.449 59.4432
235.258 57.8066
242.267 60.6695
237.52 64.9927
229.608 66.5073
203.214 122.113
208.494 116.544
213.351 113.157
218.33 113.692
222.875 110.858
230.463 111.14
238.686 113.374
233.463 118.501
227.068 122.138
221.937 123.855
216.782 124.541
210.968 125.071
205.974 120.963
214.775 118.041
219.715 117.685
224.666 115.924
234.8 113.886
224.763 116.146
219.761 118.038
214.762 118.504
