184.508 64.4237
184.382 78.2206
184.711 91.4751
185.736 104.922
188.856 118.134
196.178 129.111
205.614 138.763
217.572 145.944
231.777 149.146
245.954 147.6
257.668 140.51
267.283 131.7
274.944 121.556
279.676 110.506
282.782 98.6876
285.245 87.254
287.546 74.8283
193.513 57.4185
200.666 48.4141
212.161 44.6871
224.348 44.7109
235.273 49.3951
253.832 50.4998
263.768 47.9532
274.075 49.4274
282.757 55.1653
285.422 65.632
243.641 64.3147
243.014 74.6122
242.312 84.6306
241.479 95.0579
225.763 98.258
232.425 100.951
239.105 103.81
245.456 102.775
251.689 101.26
205.887 63.9089
212.934 60.2976
220.471 61.4324
226.978 67.8421
219.627 67.7127
211.907 66.7742
254.529 70.8566
262.174 65.9187
269.508 66.3864
274.81 71.6955
269.233 73.053
261.689 72.5262
209.416 108.116
220.967 108.645
230.714 109.415
237.008 111.614
243.737 110.593
251.78 112.077
260.705 113.174
250.232 118.883
241.951 121.117
234.944 121.286
228.227 119.929
218.916 115.65
213.111 109.21
230.143 112.85
236.673 114.384
243.387 114.082
256.968 113.848
242.477 115.43
235.707 115.914
229.117 114.465
