174.307 70.9409
176.907 84.7502
180.092 97.4192
183.486 110.253
187.346 122.19
193.618 132.993
202.465 141.149
213.774 146.146
226.907 147.679
240.385 145.454
251.417 139.883
260.57 131.913
267.408 121.425
271.025 109.51
273.086 96.515
275.299 83.4972
277.753 69.5241
179.425 58.8924
184.333 49.1189
194.439 43.6515
206.265 41.798
217.4 44.2137
233.966 43.2532
244.527 40.7786
256.024 42.1151
265.924 47.1654
270.307 57.0229
226.185 59.3004
226.299 68.7625
226.397 77.9673
226.546 87.3662
215.961 97.7991
220.971 99.0271
226.422 99.9583
231.884 98.7406
237.067 96.9567
192.065 67.5455
198.309 63.9463
205.455 63.4925
212.864 66.9868
205.812 69.0941
198.426 69.759
239.206 65.9771
246.521 62.3166
253.49 62.5215
259.463 65.8221
253.481 68.1315
246.374 67.8722
210.522 119.477
216.094 112.591
221.413 109.754
226.625 111.108
232.143 109.107
237.843 111.197
244.188 116.696
238.406 119.439
232.859 120.75
227.286 121.569
222.052 121.514
216.363 121.085
213.65 118.382
221.558 114.413
226.826 114.68
232.466 113.734
240.692 115.971
232.562 114.337
227.014 115.386
221.882 114.982
