174.059 71.3009
176.151 86.3104
179.85 100.706
183.759 114.881
188.671 128.743
195.712 141.762
204.304 152.97
215.189 160.684
228.209 162.526
241.086 158.266
251.173 148
259.789 136.033
266.8 123.649
270.98 110.223
273.38 96.6032
275.438 83.1607
276.989 68.6215
180.021 57.2415
185.038 47.7453
194.979 42.1481
206.267 40.114
217.317 42.4906
235.002 41.8599
245.051 39.2674
255.702 40.7477
265.022 45.3438
269.59 54.078
226.562 57.7701
226.802 66.9919
227.097 75.9023
227.395 85.1291
216.652 95.7556
221.795 97.4945
227.205 98.6341
232.546 96.7647
237.335 94.18
192 65.6508
198.092 60.1183
205.993 59.8634
212.999 64.9357
205.926 66.9264
198.02 67.572
239.579 63.0225
246.362 57.7155
253.948 57.4426
259.773 62.2546
254.3 64.4586
246.791 64.5013
207.569 122.461
212.438 112.403
220.621 108.333
226.783 109.698
232.869 107.601
240.26 110.508
244.282 119.243
240.438 130.968
233.422 137.439
226.775 139.013
220.21 138.785
212.134 133.925
210.074 121.787
220.955 114.166
227.071 114.164
233.144 113.185
241.293 119.062
233.002 129.29
226.674 131.067
220.416 130.649
