174.105 68.9063
175.858 81.634
178.54 93.7453
181.14 106.001
184.341 118.668
190.787 129.706
200.351 138.155
212.12 143.83
225.6 145.672
239.388 143.808
250.726 137.683
260.804 130.152
268.383 119.964
272.325 107.838
274.607 95.0077
276.515 82.6406
278.365 69.1368
180.683 55.8909
185.289 46.0266
195.22 40.2953
207.152 38.779
218.28 41.8943
236.262 41.2457
246.582 38.0188
257.727 39.0924
267.201 44.5844
270.925 54.9732
227.214 57.0295
227.299 65.6678
227.434 74.0242
227.51 82.687
215.653 93.4254
221.004 95.0856
226.678 96.2731
232.222 95.446
237.513 93.8843
192.891 64.1301
199.051 59.4834
206.357 59.3967
213.351 64.0779
206.545 66.1794
198.953 66.6706
239.923 63.7913
247.258 58.8853
254.676 59.0329
260.358 63.7714
254.626 66.1307
247.105 65.8096
206.37 112.486
214.241 108.228
220.807 106.448
225.715 108.227
231.145 106.535
237.666 108.684
244.465 112.889
237.319 115.94
230.843 116.516
225.234 116.884
220.135 116.387
213.534 115.352
209.539 112.263
220.555 110.53
225.677 111.254
231.141 110.618
241.011 112.521
230.958 111.561
225.417 112.301
220.396 111.566
