172.658 68.6172
173.901 81.404
176.142 93.2072
179.311 105.185
183.144 117.552
190.143 128.524
199.732 137.743
212.168 143.547
226.64 144.802
240.913 142.172
252.826 135.213
262.751 126.125
269.73 114.685
272.662 102.18
274.296 89.2222
275.267 77.2177
275.926 64.2251
177.318 56.1612
181.344 45.6655
191.054 39.2653
202.793 37.4181
213.887 40.4238
233.044 39.1838
243.211 35.3935
254.265 35.8588
264.063 41.4347
268.305 51.7353
224.393 56.0543
224.516 65.0525
224.589 73.723
224.66 82.7477
212.392 92.4449
218.392 93.9116
224.335 95.0686
230.489 93.8315
236.552 92.3585
189.967 63.8907
195.973 59.0932
203.187 58.9257
210.579 63.6193
203.538 65.4123
196.021 65.7953
237.44 62.6509
244.76 57.5236
252.212 57.3521
258.117 62.0417
252.499 64.2703
244.755 64.2849
201.542 107.776
210.568 105.399
218.57 103.989
223.931 105.39
229.641 103.921
238.025 105.294
247.929 107.587
238.178 112.429
230.133 114.46
224.108 115.105
218.369 114.546
210.496 112.379
205.153 108.257
218.54 108.895
224.094 109.428
229.978 108.758
244.186 108.088
229.922 108.133
224.084 108.918
218.552 108.211
