172.981 70.0819
175.183 83.8661
178.619 96.9371
182.035 109.968
186.287 122.815
193.457 134.079
202.757 143.167
214.354 149.366
227.854 150.69
241.538 147.791
252.727 140.667
262.642 132.169
269.811 121.256
273.651 108.57
275.71 95.0982
277.258 81.8927
278.783 68.0986
179.644 55.3312
184.607 45.5829
194.367 40.7076
205.487 40.3531
215.413 44.0066
236.635 42.4268
246.071 38.9315
256.377 39.4596
265.632 44.2306
270.32 53.4827
226.22 61.5989
226.515 71.4936
226.774 81.086
227.071 90.8257
215.698 100.476
221.074 102.058
226.88 103.246
232.461 101.893
237.72 100.034
191.141 67.6122
197.14 61.2963
205.487 61.3855
212.867 68.4095
205.616 71.0453
196.854 71.3565
238.904 67.3136
245.816 59.9062
254.166 59.4237
260.138 65.2061
255.076 69.2057
246.516 69.6168
207.363 119.999
215.118 114.929
221.584 112.604
226.501 114.067
231.959 112.216
238.655 114.258
246.298 118.629
239.234 122.917
232.772 125.105
226.923 125.694
221.649 125.548
215.054 123.638
210.905 119.52
221.705 117.861
226.687 118.363
232.318 117.5
242.682 118.237
232.42 118.364
226.817 119.323
221.732 118.648
