180.319 65.0957
181.943 78.1534
184.219 90.2575
186.613 102.399
189.662 114.906
195.942 126.017
205.033 135.049
216.835 141.505
230.776 143.587
244.946 141.603
256.246 135.187
265.475 126.88
272.482 116.371
276.069 104.132
278.811 91.5129
281.439 79.416
283.506 66.5896
186.832 55.1998
192.088 45.5974
202.548 40.5029
214.57 38.668
225.596 41.5011
242.833 40.8114
253.082 38.1361
264.063 39.5817
273.625 44.6113
277.854 54.3563
234.412 55.5608
234.481 64.698
234.529 73.6071
234.559 82.7167
221.986 91.5001
227.601 93.4581
233.317 95.004
239.28 93.7535
244.955 91.9432
198.55 62.6588
205.024 58.1603
212.434 57.9958
219.696 62.4104
212.646 64.1089
204.991 64.6521
246.803 62.324
254.362 57.793
261.827 57.9901
267.732 62.4405
261.874 64.4654
254.177 64.1928
212.064 109.346
219.873 105.062
226.792 103.31
232.126 105.041
238.156 103.596
245.044 105.837
252.281 110.245
244.776 114.727
237.728 116.252
231.531 116.666
225.9 115.891
219.136 113.828
215.767 109.239
226.51 108.167
231.968 108.832
238.029 108.422
248.601 110.133
237.923 109.34
231.864 109.917
226.421 109.05
