173.035 70.9599
175.295 83.5831
178.638 95.3232
181.753 107.406
184.96 119.461
191.171 130.769
200.255 139.557
211.937 145.389
225.772 146.729
239.661 144.351
250.929 137.363
260.435 128.476
267.354 117.703
270.749 105.571
272.95 92.9875
275.036 80.7968
276.821 67.3811
178.889 58.5926
183.623 48.7298
193.536 43.4594
205.294 41.6081
216.424 43.9645
234.213 42.9043
244.265 39.649
255.256 40.2711
264.991 44.8955
269.702 54.4207
225.49 58.7606
225.572 67.9636
225.628 76.7859
225.649 85.89
214.834 95.4508
220.143 97.2113
225.598 98.5564
231.018 97.0682
236.268 95.1015
191.139 66.2709
197.355 61.1478
205.031 60.8379
212.039 65.8294
205.103 68.3351
197.274 68.9313
238.232 64.7078
245.513 59.3078
253.255 59.1038
259.051 63.8772
253.583 66.9748
245.7 66.8736
206.429 115.219
213.62 110.384
220.127 108.264
225.261 110.017
230.639 108.105
237.173 110.103
244.537 114.657
237.389 118.129
230.805 119.418
225.136 119.996
219.866 119.732
213.365 118.689
209.679 114.708
220.187 113.098
225.436 113.705
230.959 112.809
240.946 114.152
230.647 113.245
225.084 114.27
219.953 113.778
