174.273 76.9702
176.682 91.1336
180.238 104.506
183.98 117.968
188.153 131.318
195.215 143.528
204.084 153.135
215.766 160.037
229.428 161.728
243.488 159.598
255.442 151.65
265.706 141.738
273.38 129.967
278.037 117.03
280.606 103.33
282.314 89.9791
283.936 75.4841
179.412 66.1552
184.608 56.2483
195.183 51.7573
206.972 50.7952
218.345 53.1347
236.437 52.0272
247.061 49.5958
258.03 50.7975
267.991 55.4921
273.207 64.6414
227.94 72.8057
228.163 84.3325
228.376 95.3092
228.652 106.279
217.039 113.5
222.749 115.622
228.466 117.195
234.115 115.434
239.439 113.247
192.27 76.5344
198.392 71.1675
206.767 71.7104
213.692 78.1142
206.343 80.2411
197.842 80.3939
240.959 77.5077
247.886 70.6215
256.194 70.3438
262.286 75.4635
256.809 79.2624
248.54 79.5237
208.985 130.327
217.211 127.181
223.741 125.748
228.409 127.165
233.778 125.304
240.604 126.367
248.262 128.944
240.823 134.319
234.299 136.363
228.688 137.157
223.735 136.941
217.018 135.268
212.478 130.439
223.76 130.143
228.567 130.661
234.054 129.761
244.678 129.333
233.956 130.62
228.465 131.563
223.601 131.026
