174.465 69.0598
176.072 81.6726
178.422 93.7979
181.091 106.054
184.539 117.995
190.996 128.861
200.239 137.313
211.727 142.966
225.278 144.85
238.905 143.379
250.128 137.669
259.595 129.928
266.588 119.415
270.167 107.164
272.306 94.5191
274.39 82.394
276.764 69.2202
180.459 55.1106
185.416 45.3838
195.355 39.9215
206.975 38.3457
217.775 41.1304
235.658 40.6572
246.061 37.8376
256.993 38.6873
266.472 44.0366
270.388 54.257
226.779 56.3984
226.858 65.1429
226.957 73.6215
227.025 82.3962
215.446 92.9971
220.796 94.6104
226.322 95.7342
231.701 94.9305
236.774 93.2727
192.53 63.8138
198.776 59.1769
206.175 58.97
213.228 63.5759
206.339 65.717
198.717 66.3023
239.307 63.2576
246.92 58.5501
254.372 58.6575
259.941 63.2956
254.338 65.7152
246.77 65.3768
206.051 111.885
213.533 107.67
220.084 105.859
225.17 107.429
230.755 105.934
237.148 108.047
244.331 112.447
237.097 115.552
230.661 116.267
224.921 116.585
219.654 116.124
213.151 114.683
209.326 111.671
219.971 110.003
225.191 110.7
230.805 110.04
241.029 112.153
230.595 110.858
224.991 111.413
219.87 110.626
