172.525 72.4213
175.186 86.6531
178.974 100.074
182.551 113.487
186.534 126.861
193.691 138.699
202.363 147.866
213.742 154.059
227.122 155.497
241.021 152.933
252.856 145.469
263.119 136.118
270.448 124.815
274.346 111.732
276.309 98.1245
278.086 84.8252
280.203 70.1961
178.557 60.8125
183.475 51.1142
193.206 46.2124
204.579 45.1395
215.129 47.739
235.103 46.3117
245.251 43.9689
256.007 45.5763
265.678 50.5671
270.439 59.7253
225.999 67.3982
226.167 78.1863
226.269 88.4749
226.449 98.7852
215.722 107.153
221.028 109.138
226.481 110.508
231.808 108.932
236.942 106.804
190.802 71.9518
196.97 66.0612
205.406 66.3545
212.576 72.9251
205.281 75.4715
196.667 75.8506
238.827 72.1038
245.745 65.0266
254.117 64.6671
260.133 70.112
254.753 73.9724
246.392 74.2993
208.767 125.048
215.986 121.524
221.963 119.875
226.455 121.225
231.832 119.46
238.148 120.773
245.222 123.68
238.55 128.075
232.308 130.089
226.728 130.89
221.886 130.753
215.609 129.176
211.897 124.942
222.126 124.377
226.724 124.898
232.18 123.911
241.83 123.777
232.123 124.2
226.676 125.258
221.965 124.724
