164.478 84.9156
170.451 97.5608
176.271 108.924
181.693 120.347
187.685 131.788
196.999 140.866
208.823 147.558
222.173 152.023
236.423 151.256
249.539 146.658
260.061 137.214
268.801 126.3
274.79 113.949
275.799 100.425
274.354 86.352
271.927 72.4514
269.668 57.7285
166.082 70.3554
167.064 58.7004
174.805 52.1846
184.582 48.8518
195.346 48.2525
212.25 43.7016
222.433 39.4524
233.385 38.196
244.337 40.8953
251.918 47.808
207.531 63.9603
209.695 73.1421
211.659 82.044
213.829 91.3102
206.807 102.52
212.215 103.08
217.563 103.13
222.752 100.56
227.454 97.9784
178.353 77.339
181.933 71.5626
189.136 69.7428
197.106 72.9801
190.967 77.0355
183.556 79.0618
222.77 65.7992
228.246 59.278
236.014 57.8632
243.043 60.7671
238.077 64.9489
230.174 66.4779
205.875 121.393
210.487 116.58
215.128 113.718
219.88 114.022
224.37 111.298
232.928 111.193
241.486 112.885
236.054 117.714
229 120.941
224.062 122.477
219.103 122.987
213.328 123.79
208.36 120.105
216.703 117.903
221.34 117.627
226.122 115.785
238.302 113.005
226.566 116.032
221.732 117.804
216.915 118.348
