173.674 68.314
174.629 80.8538
176.445 92.9579
179.016 105.216
182.46 117.429
189.561 128.022
199.039 136.562
211.418 142.826
225.746 144.631
240.241 142.583
252.481 136.336
262.778 128.356
270.864 118.256
274.681 106.406
276.571 93.4881
277.687 81.2456
278.63 67.8009
178.971 58.4855
184.236 48.1695
194.694 42.1511
206.803 40.0504
217.963 42.9754
235.428 42.5976
246.002 39.1931
257.697 40.3342
267.844 45.814
272.64 56.4222
226.862 57.8294
226.887 67.4917
226.762 76.8611
226.673 86.525
212.789 93.4249
219.472 95.3387
226.223 97.3173
232.963 95.7119
239.518 94.0017
190.903 63.8079
197.329 59.739
204.51 59.7491
211.958 64.4039
204.562 65.2004
197.144 65.3869
240.258 64.165
247.841 59.0894
255.172 58.9388
261.653 63.2838
255.304 64.9483
247.721 64.9766
200.403 106.8
210.551 104.999
218.861 104.185
225.559 105.846
232.293 104.214
240.789 105.35
251.182 106.913
240.507 110.838
232.154 112.395
225.119 112.984
218.226 112.33
210.194 110.604
204.087 107.142
218.588 108.474
225.494 109.251
232.357 108.443
247.498 107.363
232.231 107.256
225.389 108.034
218.504 107.221
