173.917 68.3291
175.66 80.9321
178.233 93.0041
180.999 105.266
184.553 118.095
190.952 129.445
200.253 138.523
212.03 144.192
225.286 145.933
238.741 144.159
249.952 138.167
259.923 130.362
267.437 120.187
271.397 108.134
273.552 95.153
275.55 82.9547
277.529 69.8994
180.56 55.3347
185.334 45.4919
195.353 40.0074
207.025 38.4567
218.141 41.3549
235.829 40.9634
246.278 37.7536
257.352 38.768
266.951 44.413
270.821 54.9354
227.195 56.9373
227.225 65.5951
227.301 74.0418
227.259 82.8055
215.644 93.2138
220.926 94.9574
226.557 96.2344
232.206 95.1362
237.577 93.2538
192.789 64.2527
199.044 59.5464
206.341 59.2779
213.251 63.8765
206.534 66.1682
198.969 66.7122
239.804 63.5577
247.161 58.8169
254.482 59.0406
260.032 63.7816
254.394 66.0908
246.954 65.736
205.986 112.349
213.843 108.059
220.521 106.248
225.655 107.924
231.186 106.275
237.629 108.316
244.859 112.563
237.272 115.772
230.856 116.466
225.105 116.916
219.794 116.487
213.182 115.22
209.211 111.999
220.317 110.314
225.604 111.1
231.219 110.414
241.458 112.253
230.939 111.32
225.313 112.06
220.049 111.334
