168.824 73.2357
170.519 85.2315
173.876 97.1064
178.402 108.719
183.943 120.102
190.716 130.858
199.089 139.803
209.314 145.461
222.044 146.909
235.001 143.684
245.295 136.609
253.985 126.362
260.718 114.904
265.267 102.7
267.883 89.5181
268.904 76.7153
269.042 63.6512
173.922 46.9385
176.148 35.9056
184.478 28.3458
195.178 24.9183
205.646 27.2372
222.37 25.2453
231.986 20.7245
243.267 21.8224
252.867 27.6588
257.388 37.6533
214.706 41.4214
215.127 47.2216
215.5 52.9338
215.762 58.9709
208.036 76.9377
212.472 76.9195
217.046 76.8182
221.929 76.1127
226.838 75.1945
183.714 56.4397
188.781 51.0306
195.838 49.6509
203.336 52.715
196.934 55.5867
189.759 57.164
228.514 49.758
235.282 45.2878
242.849 45.3821
249.066 49.8071
243.003 51.7618
235.308 51.5674
201.501 106.825
205.119 93.5614
212.499 86.6985
218.082 87.6869
223.625 85.7311
232.031 90.935
237.339 103.687
233.431 114.459
225.757 120.234
219.761 121.422
213.605 121.283
205.959 116.554
204.497 105.754
213.169 94.3662
218.607 93.9072
224.125 93.5559
234.07 102.987
224.728 110.956
219.074 112.121
213.375 111.82
