173.415 70.6823
175.492 84.4391
178.931 97.5179
182.386 110.772
186.504 123.677
193.49 135.333
202.6 144.436
213.915 150.339
227.219 151.517
240.874 148.574
252.565 141.796
262.912 133.355
270.341 122.869
274.558 110.446
276.915 97.0404
278.565 84.0582
280.365 70.1425
179.601 56.0357
184.691 46.5368
194.207 41.7913
205.208 41.3168
214.881 44.9581
237.084 43.3501
246.514 39.8032
256.918 40.7695
266.11 45.7275
270.781 55.0101
226.17 62.3686
226.311 72.4623
226.464 82.1737
226.572 91.9716
215.511 101.184
220.879 103.037
226.624 104.374
232.286 102.817
237.5 100.678
191.276 68.1626
197.363 61.8209
205.842 61.9977
213.169 69.1157
205.991 71.7304
197.094 72.0694
238.928 67.9657
245.799 60.3902
254.139 60.0815
260.2 65.8917
255.063 69.7843
246.605 70.1862
207.856 120.606
215.073 115.919
221.579 113.748
226.271 115.301
231.764 113.407
238.703 115.174
246.313 119.102
239.14 123.633
232.534 125.836
226.632 126.561
221.582 126.418
214.891 124.507
211.295 120.329
221.708 118.84
226.491 119.253
232.143 118.389
242.734 118.973
232.181 119.333
226.504 120.374
221.663 119.829
