174.074 69.1964
176.464 81.7112
179.516 93.0763
182.617 105.075
185.736 117.269
191.911 128.141
200.754 136.958
212.103 142.663
226.332 144.17
240.668 142.059
251.738 135.745
260.911 126.848
267.488 116.305
270.625 104.102
272.726 91.6475
275.123 79.7425
277.102 66.59
180.263 57.0618
185.281 47.4096
195.157 42.508
206.666 39.9889
218.183 41.107
231.707 41.3204
242.479 39.576
254.007 42.1676
264.026 46.6712
269.583 55.7158
225.885 57.0223
226.191 65.9226
226.471 74.4863
226.75 83.2278
215.653 93.4249
221.155 94.8617
226.924 96.0213
232.448 94.7749
237.883 92.877
191.7 63.6999
197.805 58.5788
205.647 58.3266
212.928 63.5232
205.671 65.9171
197.73 66.5165
238.685 62.9132
245.8 57.5972
253.629 57.5938
259.5 62.4771
253.805 65.2101
245.958 64.9506
208.405 113.792
215.15 108.637
221.669 106.322
227.074 107.946
232.452 106.138
238.937 108.09
245.784 113.162
239.194 116.175
232.77 117.177
227.071 117.79
221.529 117.333
214.926 116.315
211.532 113.12
221.803 110.849
227.239 111.405
232.757 110.714
242.343 112.472
232.476 111.308
226.961 112.08
221.541 111.522
