170.074 70.0901
172.406 82.4685
175.765 94.29
179.25 106.311
182.551 118.422
188.871 129.49
197.977 137.923
209.666 143.343
223.37 144.734
237.295 142.527
249.005 136.608
259.317 128.54
266.665 117.726
269.854 105.254
271.658 92.2686
273.305 80.0479
274.569 67.0134
175.761 54.2004
179.938 43.9293
189.28 37.7211
200.583 36.2955
211.232 38.84
230.046 37.6539
239.95 33.5778
250.925 33.6901
260.669 39.0395
265.169 48.9499
221.557 54.7683
221.802 63.3398
222.083 71.7495
222.252 80.413
211.878 92.2605
217.059 93.3714
222.28 94.1484
227.755 93.2831
233.012 91.7695
187.726 64.2748
193.549 59.4374
201.001 58.8774
208.088 63.1306
201.406 65.7859
193.729 66.6215
235.041 61.7008
241.98 56.7182
249.587 56.6721
255.348 61.0754
249.867 63.6993
242.179 63.6896
203.863 112.232
210.793 106.853
217.267 104.055
221.962 105.52
227.154 103.789
234.047 106.428
241.679 111.006
234.285 114.624
227.565 116.023
222.119 116.615
217.284 116.237
210.852 114.792
207.141 111.664
217.351 109.178
222.121 109.605
227.433 108.993
238.017 110.887
227.274 109.675
221.982 110.388
217.317 109.929
