182.978 65.4995
183.349 79.0416
184.473 91.8336
186.121 104.592
188.63 117.696
195.047 129.26
204.156 138.667
215.807 146.155
229.827 149.489
243.835 148.053
255.407 142.007
264.967 133.842
272.183 123.943
276.729 112.337
280.435 100.321
283.646 88.2597
286.516 74.9654
191.094 57.0837
197.324 47.8607
208.144 43.4556
220.285 42.867
231.126 47.1051
249.73 48.0715
260.03 45.0871
270.923 46.3374
280.221 52.1951
283.12 63.1213
239.352 63.0497
238.786 72.6356
238.241 81.8996
237.51 91.3644
224.513 99.1702
230.183 101.236
235.889 103.166
241.584 102.388
247.106 100.849
203.014 65.5622
209.726 60.7205
217.63 61.2209
224.556 67.7038
217.218 68.7424
209.051 68.6003
251.149 69.6237
258.552 64.0512
266.41 64.3687
272.187 69.8419
266.439 71.9751
258.313 71.589
213.327 115.104
221.718 112.119
229.147 110.919
234.193 112.869
239.569 111.649
246.12 114.175
253.338 118.167
245.134 122.481
238.492 123.362
232.852 123.386
227.352 122.362
220.285 119.635
216.905 115.251
228.652 115.426
233.949 116.565
239.363 116.151
249.627 118.109
238.941 116.754
233.553 117.17
228.165 115.898
