173.689 72.34
175.875 85.4448
179.057 97.5666
182.326 109.957
185.682 121.867
191.955 133.002
200.903 141.535
212.499 147.032
226.056 148.336
239.597 145.918
250.746 139.65
260.185 131.342
266.771 121.041
269.831 109.13
271.91 96.6298
274.261 84.2563
276.325 70.5156
178.818 59.6554
183.528 49.7765
193.446 44.3157
205.2 42.3206
216.384 44.5553
234.43 44.1168
244.734 41.3269
255.86 42.4633
265.786 47.3529
270.598 57.1738
225.683 59.8247
225.748 69.2495
225.763 78.4671
225.821 87.8324
215.095 97.6262
220.26 99.2534
225.684 100.569
231.232 99.313
236.648 97.3586
191.24 67.1742
197.489 61.6371
205.416 61.4233
212.723 67.0299
205.464 69.2193
197.429 69.8586
238.688 66.1841
246.141 60.3422
253.976 60.2277
259.779 65.4202
254.262 68.2875
246.305 68.1119
206.461 116.775
213.712 112.105
220.179 109.971
225.706 111.693
231.487 109.815
238.18 111.812
245.177 116.288
238.296 120.161
231.563 121.754
225.527 122.413
219.762 121.996
213.262 120.42
209.535 116.209
220.27 114.614
225.899 115.259
231.779 114.41
241.761 115.923
231.347 115.157
225.454 116.12
219.829 115.481
