173.656 72.9786
176.022 86.732
179.588 99.7313
183.421 112.669
187.81 125.623
194.894 137.138
203.821 145.858
215.048 152.152
228.189 153.594
241.75 150.708
253.576 143.456
264.121 134.618
271.722 123.742
275.939 111.037
278.505 97.4514
280.608 84.108
282.441 69.9005
179.208 58.9804
184.093 49.5124
193.716 44.5827
204.937 43.8013
215.25 46.5729
236.301 45.431
245.987 42.632
256.307 43.8163
265.71 48.6434
270.534 57.1221
226.137 65.3969
226.43 75.9889
226.675 86.1596
226.96 96.3852
216.509 105.868
221.737 107.531
227.159 108.594
232.488 107.04
237.405 104.976
191.349 70.6063
197.476 64.4253
205.842 64.7919
213.28 71.6097
205.792 74.1934
197.092 74.5181
238.994 70.4353
245.737 63.0349
254.19 62.8105
260.481 68.3006
255.025 72.2578
246.537 72.6473
211.253 125.322
217.668 119.921
223.317 117.359
227.403 118.545
232.116 116.798
238.438 118.62
245.354 122.304
238.927 126.53
232.941 128.743
227.877 129.576
223.424 129.663
217.592 128.459
214.509 124.738
223.462 122.653
227.647 122.914
232.497 122.01
241.946 122.385
232.423 121.931
227.551 123.189
223.362 122.826
