173.156 70.038
174.243 82.5723
176.286 94.5657
178.762 106.567
182.501 118.847
189.815 129.668
199.708 138.616
212.209 144.853
226.747 146.4
241.095 144.364
253.222 138.294
263.436 130.149
271.539 119.783
275.378 107.587
276.702 94.3688
277.307 81.8723
277.929 68.3527
178.489 60.1005
183.886 49.6191
194.578 43.635
206.747 41.4202
217.921 44.2575
236.078 43.4677
246.811 40.6533
258.257 42.131
268.32 47.7389
272.807 58.0151
227.126 58.7285
227.269 68.6057
227.332 78.1849
227.434 88.1542
213.377 94.663
220.177 96.5511
226.925 98.4156
233.54 96.7319
240.097 95.108
191.157 64.4933
197.587 60.4153
204.604 60.5652
211.843 65.1188
204.657 65.7283
197.444 65.7712
240.886 64.941
248.382 59.917
255.449 59.8481
261.771 64.106
255.67 65.5141
248.375 65.6043
200.422 107.638
210.701 105.84
219.445 105.343
226.036 107.029
233.114 105.436
242.124 106.133
252.841 107.203
242.095 111.258
233.27 112.87
225.984 113.479
219.133 112.956
210.431 111.156
204.217 107.963
219.206 109.187
225.992 110.034
233.178 109.144
249.099 107.799
233.245 108.212
226.103 109.052
219.271 108.26
