173.334 76.6837
175.588 90.4257
179.1 104.096
183.235 117.631
187.902 130.92
195.525 143.037
204.64 152.3
216.395 159.228
230.293 160.738
244.971 157.933
257.613 150.096
268.704 140.694
276.975 129.629
281.697 117.07
283.918 103.336
285.253 89.5109
286.673 74.6109
178.772 66.178
184.008 56.3117
194.472 51.8103
205.905 51.2603
217.306 53.2181
235.17 52.0425
246.055 49.9539
257.017 50.9217
267.216 55.5445
272.797 64.6033
227.016 73.2427
227.278 84.7128
227.46 95.6836
227.721 106.621
216.319 113.467
222.024 115.546
227.906 117.101
233.571 115.238
238.887 112.912
191.671 76.524
197.773 71.3106
206.046 71.9985
213.002 78.218
205.575 80.2534
197.196 80.3819
240.405 77.5282
247.113 70.8398
255.435 70.3612
261.865 75.1895
256.255 78.9575
247.997 79.505
208.562 130.258
216.459 127.343
222.69 125.995
227.783 127.379
233.458 125.456
240.424 126.264
248.472 128.439
240.863 133.948
234.178 136.008
228.361 136.855
222.991 136.621
216.494 135.126
211.825 130.235
222.82 130.121
228.024 130.584
233.785 129.612
245.09 128.872
233.761 130.297
228.05 131.244
222.793 130.769
