186.402 64.2344
186.562 78.0582
186.815 91.2521
187.368 104.62
189.702 118.045
196.621 129.375
205.858 138.909
217.805 146.235
232.347 149.504
246.867 148.176
258.585 141.598
268.154 132.499
275.301 122.393
279.893 111.309
282.953 99.6659
285.521 88.2888
287.981 75.8399
194.209 57.3473
201.507 48.1275
213.167 44.3485
225.464 44.5855
236.659 49.4067
255.284 50.5129
265.343 48.0428
275.718 49.4472
284.484 55.4603
286.586 66.7795
244.931 63.8365
244.233 74.2169
243.542 84.3903
242.71 94.9053
227.183 98.1321
233.564 100.79
240.035 103.681
246.323 102.675
252.479 101.388
207.113 63.7723
214.249 59.9198
221.849 61.0461
228.335 67.4698
221.045 67.5305
213.259 66.7073
255.473 70.7802
263.055 65.8577
270.452 66.4697
275.723 71.9533
270.138 73.3859
262.514 72.762
211.397 108.841
222.589 108.97
232.131 109.611
238.104 111.805
244.64 110.918
252.36 112.512
260.803 113.915
250.698 119.092
242.706 121.156
235.899 121.212
229.494 119.91
220.442 115.67
215.075 109.837
231.482 113.399
237.674 114.9
244.23 114.588
257.168 114.504
243.323 115.194
236.712 115.575
230.517 114.201
