172.669 69.1232
174.739 82.8002
178.146 95.8182
181.778 108.842
185.871 121.706
192.672 133.397
201.515 143.02
212.982 149.77
226.973 151.298
241.043 148.37
252.45 140.721
262.314 131.467
269.472 120.22
273.349 107.386
275.31 94.1709
277.314 80.7231
278.734 66.8764
179.272 55.9524
183.67 46.2768
192.839 41.186
203.526 40.7896
213.501 43.7289
236.522 42.0023
246.136 38.7014
256.246 39.0907
265.023 43.8964
269.333 52.9562
225.32 62.0384
225.51 71.8658
225.736 81.2619
225.934 90.9612
214.832 100.46
220.262 102.381
225.893 103.749
231.53 102.195
236.898 100.108
190.379 68.0257
196.344 61.4578
204.881 61.4567
212.236 68.562
204.961 71.427
196.072 71.8982
238.085 67.378
245.225 59.6813
253.84 59.1732
259.821 65.1219
254.75 69.307
246.023 69.639
206.616 120.55
214.558 115.342
221.083 113.036
225.781 114.441
231.151 112.653
238.259 114.417
246.227 118.749
238.845 123.481
232.05 125.623
226.336 126.349
221.315 126.205
214.476 124.669
210.329 120.032
221.255 118.457
226.051 118.774
231.53 117.926
242.747 118.403
231.579 118.548
226.158 119.591
221.274 119.083
