180.769 66.073
182.136 78.9355
184.414 90.9862
187.025 103.011
190.101 115.312
196.541 126.232
205.805 134.598
217.369 140.374
230.92 142.449
244.438 140.79
255.546 134.631
264.902 126.366
271.667 115.92
275.095 104.077
278.036 91.9576
280.87 80.1943
282.987 67.7437
187.686 53.8623
193.008 44.128
203.26 38.7093
215.186 37.0056
226.081 40.0396
243.219 39.8967
253.633 37.137
264.619 38.7645
273.957 44.1288
277.872 54.3006
234.784 54.9585
234.702 63.7968
234.629 72.3095
234.497 81.0932
222.403 91.0433
228.003 92.7026
233.582 93.9371
239.139 92.8973
244.473 91.3659
199.493 61.5581
205.831 57.0014
213.33 56.8595
220.376 61.6739
213.352 63.2853
205.615 63.6508
246.97 61.912
254.481 57.3329
261.865 57.5295
267.697 62.1584
261.86 64.2151
254.286 63.7738
212.129 109.139
219.933 104.633
226.932 102.568
232.314 104.309
238.138 102.881
244.875 105.464
252.004 110.012
244.398 113.749
237.598 115.141
231.668 115.527
226.048 114.848
219.288 112.804
215.567 108.904
226.65 107.497
232.196 108.137
238.048 107.699
248.311 109.737
237.761 108.522
232.003 109.084
226.48 108.31
