174.214 68.4721
175.908 81.1914
178.366 93.4034
181.156 105.533
184.482 117.9
190.736 129.02
199.863 137.492
211.395 143.49
224.872 145.461
238.434 143.799
249.508 137.659
259.297 129.646
266.778 119.225
270.595 106.949
273.093 94.3157
275.582 82.0634
277.92 68.7417
180.415 55.6747
185.312 45.6771
195.481 40.0676
207.39 38.5707
218.476 41.7816
235.767 41.3325
246.225 37.9099
257.376 38.8057
266.917 44.3574
270.807 54.8187
227.267 56.8203
227.258 65.5126
227.293 73.865
227.287 82.5977
215.41 92.8344
220.866 94.6443
226.553 95.887
232.254 94.9048
237.568 93.1099
192.74 64.0739
199.054 59.497
206.45 59.3207
213.28 63.793
206.517 66.0459
198.861 66.5581
239.803 63.4655
247.201 58.9978
254.554 59.1238
260.105 63.578
254.515 66.0444
246.949 65.6253
206.689 112.349
214.319 108.129
220.809 106.336
225.692 108.052
231.006 106.433
237.46 108.59
244.998 112.773
237.203 115.976
230.709 116.638
225.203 116.998
220.136 116.529
213.724 115.177
210.186 112.081
220.648 110.321
225.644 111.021
231.018 110.431
241.463 112.476
230.76 111.444
225.392 112.032
220.429 111.273
