173.722 73.0478
176.639 86.6414
180.291 99.3518
183.569 111.999
187.201 124.532
194.103 135.761
203.649 143.949
215.625 149.055
229.345 149.957
243.19 147.668
254.993 141.451
264.813 132.899
271.523 121.981
274.561 109.681
276.067 96.5113
277.451 83.9486
278.86 70.3644
179.095 60.1981
184.402 50.4606
194.617 44.8831
206.593 43.5344
217.936 46.3884
236.226 44.9536
246.323 40.7662
257.507 40.5942
267.613 45.7835
271.889 56.0293
227.27 62.0859
227.521 71.5488
227.784 80.7231
228.04 90.0881
216.878 100.267
222.166 101.645
227.694 102.751
233.117 101.472
238.302 99.7385
192.63 69.393
198.697 64.6631
206.22 64.472
213.361 69.0697
206.336 71.3964
198.617 71.919
240.661 67.8758
247.836 62.7462
255.278 62.5937
261.127 66.9205
255.553 69.7791
248.072 69.8095
207.78 118.251
215.594 114.138
221.914 112.226
227.072 113.791
232.652 111.97
239.267 113.703
246.785 117.433
239.564 121.025
232.911 122.185
227.194 122.775
221.885 122.548
215.351 121.63
210.922 118.025
221.997 117.05
227.21 117.617
232.906 116.726
243.446 117.44
232.689 116.443
227.017 117.343
221.869 116.836
