173.065 69.631
175.531 84.9809
178.695 100.186
182.697 115.058
188.434 129.358
195.647 142.512
203.981 154.067
214.019 162.277
227.595 164.427
240.863 161.301
251.162 151.831
260.085 140.295
267.7 127.929
272.77 114.017
275.211 99.237
276.845 84.6997
278.625 69.4799
179.437 57.8341
184.652 48.5434
194.637 43.3747
206.696 41.3515
218.014 43.6086
233.298 42.8758
243.411 39.1386
254.59 39.7192
264.947 43.7723
270.471 52.822
225.774 54.8606
225.898 62.6984
225.927 70.5031
225.966 78.7891
215.46 88.7821
220.772 90.7208
226.374 92.4643
232.258 90.5491
237.579 88.1424
191.432 63.0103
197.395 58.2716
204.756 57.9369
212.024 61.6519
204.982 63.1989
197.544 63.8951
239.79 60.2973
246.791 55.8703
254.252 55.7332
260.265 60.0211
254.441 61.3135
247.057 61.2754
207.362 118.216
211.846 105.407
220.184 100.734
226.695 102.023
233.244 100.418
241.86 104.447
245.807 116.516
241.82 128.972
233.81 135.295
227.026 136.305
220.333 135.875
212.07 130.714
209.783 116.852
220.537 105.362
226.925 105.285
233.414 104.902
243.134 115.75
233.358 128.37
226.691 129.664
220.229 128.954
