185.353 64.8524
185.513 78.6772
185.785 91.7862
186.535 105.02
188.87 118.191
195.427 129.489
204.651 139.068
216.922 146.903
231.045 150.324
245.238 149.2
257.126 142.737
266.507 133.909
273.948 123.577
278.689 112.172
282.019 100.407
284.891 88.8134
287.725 75.9924
193.646 57.164
200.434 48.0774
211.612 44.0547
223.631 43.8595
234.798 48.1259
254.341 49.9155
264.363 47.4813
274.72 48.839
283.515 54.588
285.766 65.5595
243.561 64.1611
242.976 74.5507
242.315 84.55
241.51 94.7342
226.597 98.8809
232.829 101.533
239.222 104.226
245.206 103.363
251.132 101.916
206.37 65.0701
213.224 60.7749
220.876 61.7019
227.611 68.0988
220.145 68.4674
212.405 67.7705
254.524 71.0566
261.928 65.9656
269.314 66.4833
274.668 72.0221
269.067 73.4449
261.557 72.921
212.144 110.38
222.403 109.678
231.314 110.228
237.08 112.376
243.187 111.501
250.334 113.096
258.199 115.424
248.877 120.61
241.194 122.204
234.82 122.084
228.63 120.85
220.177 116.979
215.684 111.322
230.644 114.152
236.673 115.568
242.817 115.315
254.589 115.813
241.848 116.141
235.765 116.461
229.682 115.061
