173.391 71.1778
175.314 83.1529
178.112 94.4345
181.065 106.474
184.224 118.962
190.472 130.196
199.592 139.175
211.458 145.229
225.383 146.77
239.409 144.715
250.976 138.407
261.155 130.168
268.629 119.893
272.596 107.951
274.882 95.2012
276.747 83.0152
278.361 69.6172
179.281 58.444
184.517 49.4299
194.697 45.1275
206.392 43.4715
218.067 44.7747
232.393 43.522
242.75 41.3993
254.114 42.6793
264.161 46.4377
269.805 55.1743
225.577 58.9497
225.689 67.6939
225.764 76.1427
225.775 84.9062
215.037 95.5721
220.393 97.057
225.914 98.1908
231.484 96.9289
236.908 94.9959
191.32 65.3522
197.399 60.2517
205.257 59.8838
212.614 65.3352
205.286 67.6515
197.311 68.1794
238.561 64.1205
245.83 58.3893
253.614 58.2138
259.762 62.9323
253.959 65.985
245.986 65.9629
206.466 115.053
213.71 110.607
220.534 108.377
225.879 110.03
231.135 108.195
237.733 110.073
244.887 114.564
237.764 118.052
231.206 119.392
225.631 119.973
220.052 119.568
213.274 118.173
209.706 114.553
220.596 113.074
226.063 113.752
231.401 112.825
241.441 114.129
231.072 113.135
225.661 113.996
220.231 113.48
