184.979 64.7205
185.224 78.3439
185.542 91.3913
186.198 104.462
188.393 117.551
195.059 129.001
204.826 138.687
217.119 146.635
231.34 150.278
245.777 149.272
257.792 142.894
267.407 134.124
274.535 123.788
278.989 112.386
282.337 100.4
285.382 88.7238
288.274 75.988
193.137 56.4871
200.058 47.7593
211.103 43.8556
222.926 43.7705
233.914 48.1165
253.622 49.65
263.636 47.3644
274.019 48.4888
283.011 54.1055
285.546 65.0269
243.156 63.8986
242.536 74.1664
241.877 84.2517
241.05 94.5095
226.587 98.913
232.505 101.584
238.644 104.287
244.429 103.44
250.135 101.916
205.76 65.1754
212.672 60.729
220.364 61.7205
227.079 68.1232
219.573 68.6904
211.713 68.0309
253.936 70.865
261.352 65.7069
268.812 66.0749
274.249 71.6199
268.648 73.272
261.01 72.7908
212.288 111.202
222.038 110.29
230.743 110.655
236.347 112.789
242.316 111.897
249.417 113.577
257.471 115.998
248.055 121.148
240.667 122.255
234.518 122.215
228.575 120.971
220.247 117.39
215.811 112.194
230.119 114.68
235.976 115.965
241.947 115.654
253.959 116.436
241.24 116.374
235.336 116.686
229.468 115.268
