173.968 68.8864
175.037 81.8806
176.79 94.2085
179.035 106.474
182.417 118.959
189.404 129.846
199.055 138.929
211.493 145.381
225.995 147.22
240.689 144.991
253.077 138.331
263.51 129.873
271.637 119.356
275.604 107.098
277.151 93.9666
278.12 81.63
278.835 68.277
178.937 59.9354
184.246 49.5889
194.92 43.2319
207.312 40.986
218.637 44.0397
235.446 43.4544
246.365 40.2434
258.185 41.7478
268.699 47.4213
273.29 58.2087
227.463 58.4072
227.444 68.4402
227.354 78.1374
227.281 88.1406
213.23 94.2168
219.924 96.2798
226.794 98.3083
233.821 96.587
240.707 94.6342
191.251 64.3828
197.772 60.2406
204.86 60.3025
212.378 64.9075
205.13 65.5261
197.79 65.7478
240.842 64.7535
248.38 59.6769
255.654 59.5784
262.006 63.9871
255.769 65.2746
248.309 65.3905
200.925 107.466
211.344 105.639
219.824 104.941
226.277 106.546
233.25 104.908
242.173 105.829
252.971 107.131
242.042 111.574
233.405 113.156
226.192 113.74
219.493 113.203
211.111 111.436
204.643 107.811
219.566 109.01
226.231 109.801
233.33 108.887
249.374 107.735
233.44 108.369
226.374 109.137
219.682 108.315
