172.877 67.9017
174.244 80.5956
176.598 93.0716
179.684 105.832
183.351 118.657
189.549 130.406
198.84 139.652
210.709 145.671
224.492 147.307
238.358 144.812
250.182 138.867
260.669 130.937
268.599 120.441
273.131 107.706
275.41 94.2462
276.943 81.1672
278.237 67.6908
179.669 51.43
184.057 41.4455
193.083 36.0497
203.68 35.4404
213.238 38.6185
235.992 37.2458
245.38 33.7397
255.801 34.4231
264.819 40.0221
268.849 49.9533
224.826 57.0514
224.913 66.2432
225.031 75.0288
225.074 84.1809
214.644 95.0025
219.586 96.5368
224.849 97.4671
230.427 96.431
235.72 94.5469
190.76 64.7646
196.677 58.88
204.806 58.8099
212.241 64.646
204.991 67.409
196.549 67.9665
237.915 63.4053
245.318 57.1995
253.359 57.1881
259.112 62.4304
253.778 65.8009
245.557 65.866
206.129 114.734
213.577 109.979
220.233 107.754
224.539 109.18
229.687 107.629
236.673 109.576
244.623 113.671
236.907 117.815
230.066 119.304
224.6 119.849
219.926 119.593
213.343 118.142
209.43 114.214
220.223 112.896
224.696 113.262
229.947 112.572
241.291 113.354
229.856 112.957
224.574 113.786
220.107 113.277
