173.305 77.8505
175.961 92.2339
179.571 105.997
183.057 119.803
187.32 133.205
194.887 144.942
204.543 154.217
217.054 160.984
231.064 162.678
245.7 160.111
258.372 152.599
269.419 143.288
277.53 131.838
281.868 118.869
284.082 105.015
285.74 91.1842
287.335 76.1491
179.032 65.5465
184.572 55.9605
195.188 51.6367
206.946 50.845
218.429 53.0666
235.872 51.6665
246.816 49.5217
258.063 50.7106
268.249 55.3849
274.174 64.2043
227.826 72.6919
228.047 84.1999
228.231 95.2649
228.457 106.371
216.961 113.545
222.791 115.8
228.735 117.476
234.457 115.392
239.779 112.998
192.254 76.8112
198.494 71.447
206.698 71.9079
213.792 78.2139
206.326 80.0824
198.038 80.2545
241.062 77.4471
247.842 70.722
256.249 70.3168
262.825 75.2127
257.023 78.7159
248.681 79.2027
209.342 130.022
217.556 126.928
223.656 125.67
228.531 127.008
234.139 125.239
240.931 126.245
248.843 128.467
241.35 133.588
234.796 135.166
229.044 135.867
223.825 135.581
217.443 134.308
212.948 130.123
223.766 129.907
228.697 130.418
234.439 129.416
245.218 128.831
234.349 129.863
228.688 130.715
223.634 130.227
