173.855 69.8295
176.444 82.2802
179.678 93.7772
182.854 105.813
186.386 117.929
193.167 128.39
202.588 136.912
214.456 142.02
228.355 143.207
242.101 141.291
253.365 135.396
262.596 126.74
269.272 116.26
272.611 104.341
274.502 92.1388
276.637 80.098
278.182 66.7731
180.092 58.0394
185.391 48.3348
195.635 43.1453
207.441 40.6661
218.938 41.9414
231.989 41.6746
242.805 39.908
254.468 42.3386
264.395 47.3206
269.774 56.3693
226.407 57.473
226.75 66.3259
227.02 74.9408
227.249 83.8401
217.068 93.8754
222.131 95.3518
227.407 96.4273
232.564 95.3483
237.609 93.6354
192.152 64.1917
198.272 58.862
206.131 58.5221
213.548 64.0354
206.447 66.3153
198.389 67.006
239.175 63.2323
246.306 57.7058
253.928 57.742
259.875 62.895
254.297 65.5263
246.513 65.3454
211.252 113.657
217.033 108.786
222.99 106.388
227.921 107.903
233.192 106.22
239.905 108.555
246.761 113.922
240.166 116.497
233.777 117.231
228.243 117.708
223.069 117.249
217.014 116.209
214.481 112.816
223.201 110.847
228.174 111.361
233.601 110.709
243.274 113.097
233.469 111.279
228.08 111.949
223.053 111.235
