173.643 69.5296
176.171 84.7946
179.716 100.09
184.013 114.822
189.974 129.005
197.202 142.338
205.559 153.909
215.724 161.358
228.898 163.365
242.058 159.64
252.393 150.251
261.473 138.459
268.906 126.168
274.077 112.395
276.587 97.685
278.005 83.3231
279.264 68.426
179.167 57.8028
184.362 48.6699
194.405 43.3232
206.41 41.2203
217.582 43.842
233.167 42.7099
243.219 39.122
254.443 39.978
264.873 44.1739
270.535 53.3045
225.462 55.2471
225.597 62.9229
225.659 70.614
225.674 78.8388
215.773 89.4098
220.892 91.3999
226.346 93.1061
232.012 91.2462
237.288 88.885
191.368 62.8005
197.202 58.5716
204.448 57.9911
211.895 61.3956
204.843 62.9251
197.471 63.5626
239.676 60.0919
246.59 55.9777
253.879 55.8957
260.179 59.7045
254.104 61.1639
246.757 61.0372
207.979 118.309
212.485 106.707
220.712 101.748
226.723 103.127
232.699 101.406
240.837 105.443
245.589 116.523
240.961 129.085
233.242 135.064
226.747 136.097
220.312 135.704
212.367 130.582
210.25 117.225
221.04 106.899
226.994 106.847
232.972 106.445
242.571 115.865
232.779 127.429
226.538 128.844
220.431 128.346
