173.629 69.7189
175.912 82.6614
178.826 94.3383
181.514 106.36
184.8 118.591
191.089 129.465
200.268 138.194
211.734 143.996
225.743 145.658
239.581 143.74
250.477 137.548
259.607 128.888
266.341 118.156
269.799 106.051
272.362 93.3756
274.841 80.9349
276.418 67.4758
179.569 59.264
184.849 49.6801
195.363 45.2386
207.181 43.6925
218.892 45.1995
232.111 44.2243
242.815 41.8242
254.345 42.6677
264.701 46.5171
270.257 55.5034
225.675 58.4291
225.798 67.2512
225.928 75.8362
226.012 84.7586
215.01 94.8953
220.327 96.4873
225.943 97.629
231.462 96.3997
236.944 94.6106
191.401 65.3767
197.672 60.4253
205.416 60.0279
212.67 64.8309
205.635 67.3726
197.698 68.0985
238.429 63.8388
245.823 58.5936
253.584 58.5393
259.581 63.1011
253.923 66.1522
245.995 66.024
207.892 114.482
214.267 109.896
220.834 107.608
226.051 109.404
231.493 107.502
238.244 109.754
245.233 114.735
238.61 118.091
231.871 119.273
226.141 119.768
220.726 119.317
214.121 117.864
211.191 113.896
220.932 112.451
226.222 113.084
231.783 112.307
241.897 114.135
231.657 112.907
226.098 113.714
220.806 112.926
