168.494 74.1589
170.537 86.4763
174.174 98.3643
179.161 110.018
184.915 120.963
192.09 131.358
200.582 140.035
210.859 145.348
223.317 146.338
235.825 142.88
245.654 135.657
254.204 125.214
260.701 113.992
265.114 101.939
267.831 89.1023
268.681 76.5722
268.696 64.0551
173.319 46.6389
175.435 35.1154
183.791 27.087
194.664 23.7213
204.989 26.0898
221.6 23.7656
231.23 19.0713
242.472 20.1995
252.112 26.3813
256.503 36.6948
214.34 40.0533
214.765 45.4185
215.078 50.5894
215.394 56.2556
208.744 74.9624
212.88 74.7143
217.196 74.1726
221.634 73.7345
226.007 72.9975
183.635 55.7418
188.621 50.1581
195.589 48.5066
203.059 51.4566
196.775 54.3793
189.711 56.0845
227.887 48.4013
234.625 43.9066
242.162 44.2236
248.333 48.627
242.253 50.456
234.705 50.2908
201.991 106.163
205.481 92.1925
212.92 84.7906
218.098 85.7343
223.258 83.8283
231.837 89.4931
236.705 102.977
233.336 114.307
225.807 119.888
220.129 120.948
214.478 120.906
206.619 116.144
204.823 104.917
213.696 92.5691
218.69 91.9611
223.834 91.5833
233.607 102.17
224.678 110.971
219.267 112.168
214.068 111.95
