180.776 67.1187
181.611 80.4751
183.283 93.178
185.223 105.877
187.98 118.816
194.35 130.445
203.613 139.91
215.535 146.749
229.576 149.372
244.134 147.894
256.184 141.675
266.421 133.375
273.823 122.888
278.198 110.719
281.25 97.999
283.545 85.4379
285.885 71.2739
187.797 56.6565
193.503 47.5292
204.185 42.7919
216.428 42.1964
227.44 46.2571
246.113 46.4175
256.128 43.0673
266.966 44.006
276.058 49.2116
279.38 59.2783
236.215 61.5925
236.011 70.9942
235.785 80.1833
235.413 89.6696
222.576 98.0981
228.331 100.342
234.25 102.186
240.009 100.917
245.367 98.9664
200.75 67.381
207.567 64.9241
214.622 64.9142
221.801 68.0906
214.605 69.87
207.264 70.0156
248.575 68.9407
256.424 66.4595
263.45 66.6545
269.362 69.4014
263.367 71.5444
256.021 71.2017
211.356 115.644
219.807 112.088
227.018 110.822
232.379 112.606
238.152 111.217
244.484 113.254
251.706 117.164
243.911 120.799
237.539 121.529
231.497 121.731
225.73 121.115
218.658 119.229
214.892 115.508
226.713 114.766
232.25 115.762
238.103 115.048
247.996 116.98
237.827 115.787
231.9 116.435
226.336 115.5
