170.465 71.0861
172.742 83.784
175.994 96.1595
179.538 108.363
183.359 120.591
189.878 131.259
199.406 139.186
211.26 144.065
225.211 144.716
239.433 142.384
251.019 136.225
261.062 128.194
268.246 117.552
271.32 105.117
272.357 92.0571
273.435 79.9023
274.361 67.014
175.966 55.183
180.322 44.8564
189.915 38.5775
201.42 36.6984
212.268 39.1344
230.34 37.6813
240.473 34.0093
251.586 34.3051
261.454 39.8603
265.753 49.9978
222.161 54.9013
222.457 63.6675
222.834 72.2351
223.127 81.106
212.476 92.3974
217.878 93.7168
223.281 94.6835
228.815 93.5013
234.113 91.7607
188.356 64.3318
194.053 59.5179
201.413 58.9874
208.681 63.1397
201.941 65.6624
194.349 66.5332
235.529 61.742
242.571 56.8353
250.042 56.7518
255.808 61.262
250.299 63.8019
242.751 63.7708
203.599 111.914
211.069 106.886
217.645 104.348
222.682 105.852
228.236 104.081
235.292 106.368
243.132 110.164
235.704 113.634
228.875 114.513
223.1 115.186
218.018 114.997
211.257 114.302
207.051 111.395
217.871 108.802
222.97 109.29
228.628 108.536
239.477 110.163
228.43 108.838
222.797 109.67
217.832 109.243
