174.059 68.4426
175.745 81.5064
178.589 94.0223
181.712 106.555
185.367 119.214
191.82 130.364
201.268 138.99
213.072 144.361
226.427 145.788
239.752 143.782
251.001 137.85
260.936 129.859
268.187 119.638
271.99 107.864
274.252 95.1165
276.105 82.9476
277.954 69.8331
180.58 55.0924
185.545 45.5995
195.375 40.198
207.029 38.8409
217.936 42.0674
236.265 41.3023
246.575 38.0545
257.556 39.0565
267.045 44.6484
270.801 55.0152
227.104 56.9493
227.135 65.6935
227.187 74.1302
227.215 82.8874
215.703 93.5325
220.958 95.2859
226.525 96.5732
232.062 95.5439
237.308 93.6835
192.768 64.1837
198.936 59.5086
206.163 59.443
213.076 64.0834
206.412 66.2195
198.88 66.7091
239.924 63.7017
247.248 58.9317
254.574 59.0895
260.207 63.8041
254.555 66.0583
247.098 65.7421
206.541 112.552
214.327 108.332
220.971 106.666
225.794 108.386
231.107 106.71
237.702 108.669
245.141 112.717
237.535 116.003
230.902 116.723
225.442 117.175
220.438 116.739
213.84 115.462
209.694 112.191
220.869 110.624
225.841 111.38
231.233 110.654
241.721 112.424
230.894 111.723
225.494 112.52
220.584 111.789
