173.569 69.5763
175.671 82.0909
178.554 93.8595
181.199 105.7
184.211 117.722
190.361 128.909
199.678 137.673
211.483 143.848
225.081 145.683
238.854 143.865
250.03 137.371
259.496 128.93
266.594 118.127
270.185 105.953
272.672 93.3141
274.972 81.0548
277.039 67.7853
179.957 56.6624
184.779 46.6577
194.843 41.2966
206.457 39.8969
217.465 42.7718
236.026 42.0021
246.093 38.5868
256.909 39.3234
266.438 44.7469
270.453 54.9805
226.793 57.1485
226.921 66.267
227.084 74.9914
227.168 84.049
215.59 94.0491
221.01 95.8072
226.606 97.1164
232.189 95.7588
237.486 93.7878
192.183 64.7171
198.412 59.6917
205.945 59.423
212.779 64.2175
206.14 66.5235
198.332 67.1549
239.707 63.7002
247.021 58.761
254.485 58.7417
260.032 63.5802
254.599 66.1393
246.921 65.7767
206.621 113.45
214.348 109.172
220.752 107.544
225.868 109.266
231.308 107.536
237.887 109.383
245.223 113.44
237.735 117.046
231.138 117.995
225.488 118.438
220.264 118.058
213.83 116.717
209.944 113.15
220.62 111.543
225.831 112.267
231.334 111.577
241.721 113.161
231.104 112.794
225.575 113.617
220.424 112.919
