173.009 70.8428
174.925 82.9797
177.786 94.6823
180.985 106.622
184.449 118.586
190.483 129.774
199.128 138.415
210.497 144.356
224.098 145.926
237.824 143.572
249.333 137.267
259.335 129.192
266.714 118.861
270.768 106.649
273.122 93.9751
275.086 81.7005
276.707 68.4431
178.694 54.4952
182.931 44.2138
192.126 37.9405
203.257 36.4164
213.877 38.7403
235.179 37.9537
244.733 34.6629
255.329 35.732
264.515 41.6176
268.7 51.6876
224.946 56.487
225.063 65.8131
225.238 74.7816
225.363 83.9583
214.745 94.3316
219.869 95.981
225.257 97.1755
230.731 95.841
236.047 93.7583
190.789 65.2149
196.823 59.7351
204.542 59.4202
211.748 64.4286
204.775 67.1663
196.809 67.8978
238.226 63.2825
245.301 57.8874
252.961 57.8835
258.583 62.9715
253.275 65.7687
245.453 65.676
206.281 114.218
213.436 109.557
220.018 107.206
225.027 108.639
230.345 107.028
237.205 109.077
244.751 113.448
237.38 116.959
230.544 118.175
224.865 118.819
219.584 118.63
212.978 117.349
209.502 113.762
220.017 111.73
225.141 112.279
230.634 111.499
241.299 113.12
230.38 112.414
224.863 113.254
219.776 112.766
