172.634 70.3704
174.72 83.6355
177.827 96.2046
181.26 108.952
185.449 121.89
192.32 133.095
200.913 142.381
212.172 148.818
226.072 150.322
240.044 147.763
251.35 140.745
261.245 131.709
268.832 121.094
272.924 108.65
275.209 95.2559
276.994 81.9945
278.416 68.0499
179.095 56.0655
183.616 46.413
192.993 41.2594
203.846 39.9418
214.11 42.2595
234.596 41.0877
244.48 38.0913
255.095 39.373
264.296 44.5429
269.081 53.7115
224.949 61.7743
225.262 71.7696
225.572 81.2657
225.861 90.9147
214.761 100.324
220.151 102.292
225.809 103.622
231.473 101.962
236.646 99.5842
190.215 67.4557
196.132 60.8459
204.919 60.8701
212.054 68.1689
204.89 71.1843
195.879 71.6554
237.849 66.9295
244.653 59.2291
253.497 58.7685
259.544 64.8397
254.437 68.9908
245.528 69.3822
206.493 121.065
214.163 115.511
220.758 112.984
225.52 114.33
230.941 112.506
238.097 114.569
245.772 119.26
238.354 123.582
231.567 125.823
225.871 126.545
220.697 126.422
213.87 124.801
210.044 120.571
220.945 118.702
225.781 119.007
231.268 118.141
242.053 119.053
231.223 118.646
225.759 119.658
220.807 119.12
