173.825 69.7715
176.193 84.5907
179.415 99.3624
183.017 113.862
188.434 127.83
195.452 140.937
203.99 152.354
214.18 160.859
227.314 163.591
240.878 160.442
251.325 151.325
260.307 139.721
267.834 127.22
272.949 113.379
275.348 98.6446
277.061 84.0384
278.967 68.8243
179.554 57.8736
184.698 48.4883
194.407 42.897
206.193 40.9455
217.102 43.5622
233.498 42.5195
243.613 38.8436
254.821 39.6734
264.972 44.2043
270.531 52.9872
225.506 54.9776
225.658 62.8468
225.767 70.7061
225.813 79.0754
215.437 88.8795
220.743 90.887
226.399 92.8046
232.293 90.6556
237.534 88.1905
191.076 62.9462
196.869 58.2755
204.043 57.8771
211.297 61.5627
204.303 62.9234
197.091 63.5553
239.971 60.198
246.696 55.9542
253.918 55.8443
259.998 60.0181
254.08 61.079
246.927 61.0568
207.292 118.298
211.273 105.096
219.356 100.731
226.217 102.047
232.698 100.572
241.265 104.499
245.719 116.91
241.351 129.879
233.104 136.058
226.265 137.022
219.227 136.389
211.307 130.795
209.484 117.064
219.667 105.412
226.466 105.411
232.9 105.082
243.021 116.108
232.722 129.092
226.025 130.383
219.154 129.534
