174.339 68.6129
175.822 80.7823
178.451 92.6424
181.32 104.84
184.415 117.139
190.704 128.511
199.689 137.21
211.228 142.942
224.894 144.98
238.903 143.576
250.645 137.801
260.924 129.825
268.425 119.547
272.52 107.665
274.847 95.1596
276.441 83.0565
278.086 69.7774
180.886 55.0579
185.799 45.5002
195.737 39.9524
207.428 38.2623
218.237 41.1313
236.059 40.6726
246.207 37.5976
257.036 38.6261
266.553 43.9793
270.378 54.2252
227.192 56.5587
227.173 65.279
227.169 73.7576
227.086 82.4724
215.86 93.0351
221.091 94.731
226.544 95.9673
231.942 94.9191
237.052 93.0813
193.053 63.9511
199.208 59.0256
206.632 58.805
213.778 63.5649
206.846 65.7436
199.215 66.3415
239.71 63.2389
247.041 58.258
254.478 58.3705
260.131 63.0937
254.509 65.4562
246.958 65.1824
206.926 111.93
214.183 107.554
220.754 105.691
225.526 107.317
230.843 105.68
237.22 107.866
244.393 112.197
237.194 115.311
230.967 116.14
225.409 116.497
220.449 116.094
213.941 114.576
210.251 111.618
220.69 110.029
225.625 110.693
231.031 110.013
240.914 111.993
230.851 110.816
225.452 111.438
220.606 110.774
