174.225 71.3577
176.308 86.795
179.863 101.923
184.03 116.947
189.673 131.128
197.405 144.349
206.055 156.143
216.607 164.055
229.588 165.905
242.529 161.602
252.417 150.939
261.008 138.536
268.477 125.471
273.138 111.532
275.479 97.1115
276.854 82.935
277.923 67.9899
180.598 56.4183
185.505 46.8805
195.214 41.5555
206.492 39.6736
217.457 41.8507
235.138 41.1573
245.1 38.4169
255.687 39.7156
265.137 44.4437
269.973 53.281
226.672 57.828
226.873 66.5427
227.183 75.0431
227.478 83.8694
216.419 94.7605
221.78 96.578
227.299 97.8569
232.773 96.1393
237.752 93.9699
192.467 65.095
198.338 59.588
206.137 59.178
213.261 64.254
206.366 66.3205
198.556 66.9507
239.803 62.6467
246.55 57.3829
254.22 57.3153
260.132 62.0059
254.66 64.1868
247.075 64.2137
207.918 122.541
213.146 112.052
221.383 107.91
227.121 109.169
233.016 107.418
240.593 110.621
244.775 119.831
240.557 130.982
233.647 137.156
227.275 138.552
221.067 138.407
212.957 133.915
210.415 121.838
221.753 114.057
227.402 113.891
233.286 113.127
241.628 119.607
233.01 129.023
226.906 130.599
221.118 130.316
