173.288 70.1399
175.626 84.7056
178.974 99.4671
183.177 114.111
189.054 127.906
196.382 140.992
204.74 152.942
214.512 160.959
227.345 163.334
240.729 159.795
251.145 150.241
260.292 137.782
267.984 124.995
272.906 111.236
275.753 96.4925
277.347 82.0286
278.609 66.8493
178.837 57.8182
183.97 48.5307
193.624 43.0289
205.252 40.9666
216.695 42.7976
232.886 41.8259
243.105 38.3959
254.353 39.4721
264.982 43.9064
270.821 52.9212
225.029 55.0568
225.094 62.8805
225.059 70.5526
224.993 78.7555
215.413 89.2123
220.418 91.2459
225.837 93.024
231.46 91.2364
236.48 89.0028
190.581 63.1912
196.498 58.4912
203.867 57.688
211.192 61.4345
204.263 63.1767
196.804 63.9766
239.907 59.9832
246.747 55.6074
254.246 55.6303
260.459 59.7562
254.363 61.3636
246.845 61.1132
207.255 117.349
212.021 107.028
220.035 102.607
225.786 104.049
231.258 102.431
239.281 106.337
244.993 115.888
239.608 128.61
231.972 134.21
226.109 135.053
219.943 134.65
211.935 129.811
209.564 116.366
220.415 107.456
226.107 107.568
231.523 107.236
241.65 115.493
231.46 126.779
225.782 128.062
219.906 127.498
