173.124 70.516
175.277 83.1876
178.208 94.9076
181.057 106.908
184.168 119.039
190.269 130.279
199.305 139.288
210.712 145.488
224.462 147.162
238.39 144.949
249.604 138.355
259.12 129.778
266.151 119.046
269.524 106.696
271.808 93.8867
274.016 81.3268
275.999 67.583
179.328 60.2452
184.151 50.7181
194.277 45.8834
206.021 44.2819
217.72 45.7298
232.806 44.7132
243.226 41.8883
254.482 42.468
264.574 46.2602
269.656 55.1731
225.376 59.2691
225.614 67.9388
225.809 76.447
225.983 85.3447
215.093 95.5265
220.285 97.0822
225.636 98.2443
231.092 97.0313
236.422 95.2316
191.149 66.4539
197.414 61.4789
204.983 61.0464
212.176 65.768
205.187 68.3242
197.43 69.0458
238.199 64.5295
245.495 59.2895
253.153 59.0441
259.023 63.585
253.505 66.6977
245.691 66.5975
206.949 115.039
213.605 110.629
220.112 108.789
225.251 110.524
230.736 108.671
237.254 110.344
244.032 114.813
237.322 118.577
230.823 120.073
224.99 120.717
219.661 120.369
213.253 118.86
210.187 114.44
220.115 112.957
225.308 113.654
230.916 112.83
240.582 114.302
230.725 114.114
225.051 115.107
219.906 114.51
