166.954 75.3024
169.33 87.6648
174.283 100.368
179.749 112.099
186.188 123.151
194.257 133.076
203.574 141.01
213.873 144.951
226.168 145.594
238.283 141.284
247.474 134.464
255.834 124.568
262.205 114.095
266.712 102.485
269.155 89.551
269.709 76.6767
269.871 64.0214
171.929 44.2463
174.293 33.5567
182.06 24.9075
192.232 21.331
202.091 23.1256
220.754 20.6204
230.159 16.1147
241.132 17.627
250.828 24.3885
256.079 34.3634
212.933 38.7179
213.379 43.4685
213.68 47.9799
213.935 52.889
208.762 73.201
212.548 72.3901
216.366 71.5659
220.478 71.1816
224.503 70.8618
182.051 54.8937
187.315 48.3916
194.663 46.7648
202.166 50.9131
195.825 54.0178
188.321 55.659
226.761 47.8107
232.973 42.2136
240.843 42.2981
247.568 47.2576
241.566 49.4164
233.663 49.4994
202.234 106.069
205.508 91.1473
213.005 83.1361
217.754 83.5912
222.32 82.0383
231.242 88.2061
236.709 102.297
233.38 115.35
225.827 121.797
220.791 122.857
215.502 123.096
207.244 117.586
204.968 105.042
214.023 90.9688
218.521 89.9424
223.038 89.5745
233.694 101.81
224.324 114.186
219.547 115.19
214.769 115.068
