173.336 69.7902
176.042 82.81
179.459 94.4028
182.905 106.312
186.219 118.15
192.501 128.869
201.634 137.544
213.226 143.224
227.479 144.733
241.529 142.664
252.858 136.345
262.308 127.694
268.663 117.119
271.551 104.779
273.413 91.9264
275.435 79.5762
277.065 65.9303
180.083 57.8727
184.993 47.8611
195.082 42.9426
206.862 40.4707
218.755 41.3689
231.665 41.2759
242.571 39.6674
254.153 42.0654
264.129 47.0246
269.398 56.1869
226.248 56.9994
226.554 65.9319
226.847 74.6595
227.113 83.6367
216.551 93.5787
221.832 95.1725
227.369 96.4546
232.684 95.0986
237.773 93.2085
192.091 63.9987
198.028 59.0606
205.69 58.7238
213.1 63.6109
206.018 66.0841
198.183 66.7538
238.879 62.7365
246.174 57.4676
253.674 57.6699
259.535 62.4577
253.931 65.1999
246.179 64.9269
210.133 113.723
216.317 108.625
222.493 106.352
227.706 107.879
233.123 106.199
239.651 108.229
246.234 113.321
239.906 115.777
233.486 116.893
227.813 117.342
222.396 117.013
216.099 115.875
213.305 112.779
222.653 110.755
227.911 111.347
233.439 110.649
242.757 112.33
233.123 111.327
227.646 112.103
222.404 111.468
