181.371 67.1194
182.173 80.7105
184.033 93.4629
186.109 106.187
189.003 119.075
195.467 130.612
204.378 139.79
216.08 146.661
229.803 149.431
243.695 147.815
255.659 141.547
265.568 133.203
272.779 122.882
277.111 110.925
280.389 98.6302
283.219 86.3135
285.879 72.5189
188.408 56.5623
194.463 47.4147
205.155 42.8607
217.337 42.1383
228.366 46.0942
247.189 46.8148
257.193 43.8056
267.982 44.7925
277.37 50.338
280.516 60.8968
237.108 61.9419
236.823 71.3727
236.524 80.5761
236.166 90.0529
223.117 98.4709
228.844 100.574
234.83 102.261
240.436 101.248
245.624 99.499
201.221 66.0611
208 62.1394
215.475 62.4412
222.345 67.4658
215.21 68.8954
207.42 68.8808
249.363 68.7422
256.919 64.5323
264.243 64.733
270.042 69.0541
264.26 71.2413
256.636 70.8757
212.005 115.625
220.155 112.071
227.454 110.875
232.794 112.677
238.39 111.354
244.663 113.514
251.55 117.638
244.051 121.078
237.742 121.84
231.926 122.014
226.236 121.252
218.956 119.179
215.465 115.436
227.163 114.918
232.682 115.958
238.339 115.457
247.899 117.36
238.04 115.902
232.378 116.471
226.811 115.398
