165.998 73.6524
167.918 85.8674
172.233 98.2248
177.813 110.304
184.214 121.445
191.968 131.686
200.887 140.618
210.838 145.247
222.993 146.269
235.148 142.861
244.793 136.207
252.964 126.337
259.015 115.337
263.51 103.354
266.497 90.5636
268.398 77.1707
268.64 64.3058
172.037 44.9483
174.368 34.0418
182.303 25.2903
192.831 21.7071
203.319 23.2587
220.674 20.8052
230.522 16.8008
241.576 18.0876
250.972 24.9029
255.649 35.4242
213.204 38.5003
213.699 43.1836
214.106 47.9948
214.444 53.2033
208.437 73.6122
212.418 72.5736
216.266 71.702
220.118 71.2385
224.174 71.0846
182.147 54.798
187.49 49.0685
194.641 47.4212
201.837 50.6099
195.67 53.6813
188.418 55.1691
226.872 47.2837
233.173 42.6923
240.824 42.855
247.473 47.2779
241.43 49.0524
233.71 49.0143
201.446 106.284
204.324 90.3802
212.014 82.0121
217.077 82.8303
222.281 81.229
231.498 87.9188
236.461 103.274
232.945 115.633
225.06 122.122
219.263 123.094
213.697 123.001
205.689 117.146
204.237 105.071
212.737 90.4441
217.634 89.7082
222.802 89.403
233.702 102.298
223.922 113.674
218.48 114.595
213.345 114.313
