173.162 70.1208
175.39 83.6206
178.673 96.071
182.327 108.889
186.48 121.554
193.257 133.411
202.279 143.485
213.949 150.366
227.77 152.05
241.488 148.819
252.263 140.287
261.224 130.524
267.967 119.419
271.414 106.804
273.496 93.8609
275.835 81.369
277.537 67.8342
179.545 57.6425
184.546 48.5431
194.06 43.529
205.07 41.669
215.883 43.5729
234.891 43.124
244.853 40.4631
255.351 41.507
264.772 46.0089
269.677 54.9637
226.139 58.8713
226.306 68.1096
226.416 77.119
226.594 86.3998
215.754 96.4182
221.022 97.9819
226.487 99.2841
231.869 97.7503
237.039 95.6334
191.575 65.738
197.732 60.408
205.504 60.1942
212.455 65.5198
205.415 67.771
197.583 68.3449
239.085 64.0661
245.974 58.4851
253.622 58.1962
259.562 62.962
254.176 65.7915
246.465 65.8521
207.709 118.472
214.351 112.182
221.081 109.245
226.599 110.888
232.183 108.799
238.942 111.059
245.004 116.513
239.275 123.144
232.938 125.975
226.918 126.971
221.057 126.609
214.285 124.51
211.12 118.057
221.298 114.776
226.879 115
232.542 114.169
241.418 116.422
232.447 118.642
226.728 119.806
221.092 119.285
