173.094 76.1849
175.529 90.5276
179.218 104.251
183.54 117.703
188.197 130.763
195.717 142.717
204.964 152.027
216.637 158.543
230.442 160.007
245.228 157.566
258.262 150.102
269.446 140.766
277.794 129.433
282.598 116.307
284.803 102.125
286.441 88.0516
288.361 72.7699
178.213 65.1099
183.865 55.6912
194.331 51.6613
205.784 50.7461
216.857 52.712
233.933 51.7437
244.76 49.3833
255.901 50.3659
266.332 54.7165
272.568 63.5458
226.41 72.5423
226.686 83.9021
226.874 94.7059
227.146 105.531
216.107 112.975
221.663 115.128
227.624 116.705
233.228 114.715
238.517 112.328
191.16 76.4402
197.321 71.013
205.664 71.5826
212.84 78.0799
205.266 80.0576
196.838 80.2383
239.772 77.2082
246.463 70.0937
254.959 69.6433
261.694 74.5471
255.807 78.2845
247.344 78.9671
208.745 129.949
216.586 126.97
222.806 125.404
227.625 126.659
233.191 124.725
240.263 125.523
248.571 127.623
241.052 133.178
234.295 135.372
228.551 136.308
223.41 136.103
216.756 134.519
212.205 129.83
223.046 129.513
227.903 129.916
233.633 128.843
244.982 128.105
233.769 129.648
228.09 130.707
223.094 130.316
