179.3 66.8489
180.715 79.3156
183.12 91.2838
185.797 103.51
188.971 115.658
195.423 126.374
204.826 134.582
216.637 140.329
230.377 142.223
243.971 140.409
254.821 134.444
263.904 126.617
270.785 116.579
274.478 104.84
277.095 92.4016
279.556 80.6469
281.502 68.0215
186.214 54.5029
191.59 44.4411
202.062 38.7301
214.218 37.082
225.144 40.4081
241.231 40.2291
251.417 37.2569
262.559 38.5942
272.088 44.0367
276.059 54.4038
233.344 55.1923
233.321 64.2906
233.333 73.0743
233.242 82.1507
221.21 91.9448
226.842 93.4753
232.549 94.7488
238.118 93.6982
243.463 92.0149
198.27 62.0027
204.583 56.8519
212.183 56.8219
219.098 62.0933
212.122 63.9047
204.273 64.3522
245.689 61.9387
252.956 56.674
260.459 56.832
266.056 61.7844
260.598 64.1318
252.846 63.8927
211.103 110.65
219.035 106.293
226.256 104.012
231.502 105.695
237.198 104.037
244.156 106.617
251.141 111.034
244.071 114.948
237.144 116.252
231.299 116.744
225.753 116.225
218.6 114.537
214.748 110.535
226.108 108.795
231.502 109.399
237.248 108.88
247.613 110.797
237.149 109.65
231.439 110.297
226.072 109.52
