160.07 77.8478
164.777 89.193
169.736 100.022
174.43 110.645
179.197 121.324
185.984 130.295
195.79 136.433
207.917 139.646
221.37 139.107
234.537 135.506
245.671 129.348
254.696 121.291
260.856 110.495
262.579 97.9265
262.914 85.0315
263.42 72.7504
263.428 59.3453
162.857 58.3182
164.945 47.2914
172.446 39.6267
182.902 35.3731
193.442 35.5849
210.909 31.9994
220.846 27.9111
232.261 28.386
242.852 33.1864
249.938 41.8452
205.041 52.2982
206.21 59.8921
207.191 67.2462
208.283 74.9588
201.987 89.1178
206.403 89.2637
211.161 89.02
216.059 87.3414
220.827 85.5352
175.201 67.3796
179.642 61.567
186.863 59.7578
194.572 62.9652
188.403 66.6866
180.974 68.6349
220.488 57.0829
226.48 51.2081
233.991 50.3351
240.727 54.1262
235.332 57.4899
227.602 58.395
199.023 112.588
203.385 104.71
208.813 99.8875
213.383 100.19
217.782 97.6913
225.309 99.561
232.883 104.349
227.358 107.555
221.226 109.982
216.318 111.553
211.519 112.358
205.558 113.023
201.961 110.973
210.054 106.078
214.548 105.298
219.266 103.921
228.913 104.145
219.457 103.859
214.736 105.465
210.221 106.321
