173.713 69.9341
176.318 82.3084
179.616 93.5926
182.719 105.509
185.834 117.975
192.184 129.009
201.336 137.497
213.051 143.014
227.277 144.102
241.688 141.915
253.3 135.986
263.1 127.975
270.054 118.239
273.602 106.224
275.75 93.5345
277.528 81.3147
279.284 68.0814
180.06 56.2216
185.414 46.5042
195.71 41.6223
207.345 39.693
218.799 41.4174
231.788 41.1875
242.379 38.9107
253.786 41.2928
263.74 46.1214
269.439 55.1218
226.299 57.1105
226.542 66.0287
226.805 74.7416
226.961 83.6739
215.777 93.615
221.264 95.2805
227.047 96.5478
232.545 95.1192
237.912 92.922
191.946 63.8816
197.763 58.3266
205.861 58.1052
213.233 63.9511
205.956 66.277
197.84 66.7902
239.118 63.1209
246.048 57.106
253.822 57.1335
259.932 62.4358
254.26 65.0794
246.423 65.0137
208.204 114.358
215.132 108.835
221.655 106.524
226.883 108.087
232.299 106.322
239.005 108.291
246.026 113.179
239.182 115.009
232.764 115.545
227.067 116.021
221.722 115.747
215.094 115.571
211.534 113.375
221.905 111.259
227.181 111.806
232.762 111.032
242.547 112.338
232.428 110.125
226.849 110.855
221.62 110.289
