173.029 75.8284
175.437 89.8897
179.102 103.537
183.257 117.316
187.872 130.812
195.363 143.009
204.425 152.337
216.123 159.097
229.669 160.463
243.837 157.789
255.588 149.464
265.369 139.278
272.65 127.509
276.809 114.414
278.973 100.409
280.471 86.9767
282.191 72.213
178.793 65.3173
184.246 56.1945
194.425 52.0163
205.881 51.0994
217.125 53.2124
235.17 51.715
245.875 49.6301
256.644 50.7483
266.479 55.0664
271.836 63.7457
226.815 72.5367
227.073 84.1617
227.281 95.2249
227.579 106.293
216.123 113.403
221.794 115.564
227.58 117.225
233.058 115.266
238.347 113.026
191.151 76.5529
197.288 71.0753
205.707 71.666
212.952 77.9754
205.265 80.1643
196.758 80.3118
239.829 76.9961
246.979 70.155
255.406 69.7967
261.504 74.8851
255.943 78.7553
247.553 79.0928
208.292 130.446
216.309 127.497
222.83 126.018
227.556 127.136
232.84 125.397
239.634 126.273
246.975 128.519
240.111 134.236
233.64 136.419
228.192 137.257
223.135 137.152
216.328 135.508
211.819 130.478
222.967 129.934
227.816 130.38
233.165 129.414
243.541 129.084
233.21 130.377
227.873 131.399
222.983 131.023
