175.362 70.1865
178.044 82.6456
181.157 94.0728
183.701 106.194
186.665 118.849
192.923 129.623
202.225 137.861
214.118 143.192
227.792 144.226
241.634 142.191
253.176 136.4
262.798 128.043
269.549 117.661
272.57 105.658
274.476 93.3487
276.299 81.5294
277.804 68.3425
181.003 57.6608
185.938 47.3249
196.153 41.9521
207.893 39.9424
218.771 42.0065
233.032 41.1062
243.466 38.9242
254.79 41.3866
264.592 46.5563
269.428 56.1913
226.808 57.7165
227.151 66.5343
227.387 75.0719
227.594 83.9144
216.467 94.049
222.01 95.6144
227.717 96.7802
233.227 95.6956
238.487 93.966
192.547 63.6891
198.4 58.3162
206.164 58.1459
213.479 63.7496
206.409 65.7334
198.506 66.4319
239.445 63.2487
246.613 57.3841
254.315 57.4977
260.304 62.7519
254.676 65.255
246.827 65.1064
209.295 114.501
215.79 108.381
222.139 105.884
227.694 107.588
233.685 105.923
240.473 108.426
247.084 114.328
240.499 116.333
233.621 117.174
227.403 117.496
221.508 116.875
215.213 115.877
212.451 113.265
222.171 110.642
227.91 111.283
233.974 110.591
243.539 113.034
233.402 111.343
227.353 111.878
221.595 111.192
