173.931 67.7953
174.797 80.709
176.661 92.9116
178.973 105.382
182.284 118.062
189.291 129.035
199.03 138.149
211.543 144.453
226.194 146.233
241.049 144.002
253.48 137.502
263.72 128.977
271.594 118.154
275.286 105.781
277.131 92.6897
278.245 80.3379
279.149 66.9396
178.775 58.9823
183.995 48.8831
194.503 42.7835
206.692 40.7919
217.863 43.7334
235.437 43.2257
245.984 39.7048
257.739 40.6978
268.068 46.1743
273.008 56.5836
226.807 58.4055
226.891 68.1393
226.864 77.5197
226.869 87.2469
213.056 93.923
219.632 95.8044
226.389 97.8087
233.252 96.0725
239.892 94.2319
190.77 64.1855
197.333 60.2248
204.374 60.2058
211.877 64.5407
204.527 65.3468
197.196 65.5652
240.306 64.1779
247.965 59.3334
255.248 59.2309
261.677 63.3511
255.397 64.9307
247.856 64.9499
200.417 107.145
210.526 105.367
218.979 104.669
225.703 106.408
232.662 104.74
241.507 105.541
252.139 107.07
241.375 111.396
232.629 113.17
225.468 113.755
218.512 113.08
210.234 111.233
204.064 107.575
218.76 109.123
225.665 109.925
232.753 109.053
248.584 107.58
232.635 107.814
225.599 108.624
218.713 107.796
