185.527 65.054
185.609 78.4618
185.892 91.1763
186.664 104.11
188.793 117.242
195.967 128.568
205.68 138.094
217.696 145.898
231.723 149.418
245.904 148.385
257.546 141.818
267.018 133.251
274.532 123.246
279.292 111.885
282.581 100.201
285.275 88.913
287.624 76.4705
193.783 57.1131
200.954 48.036
212.516 44.0248
224.825 44.111
236.178 48.8303
253.97 50.714
263.686 47.6109
274.202 48.5464
283.162 54.2571
285.716 65.1463
243.943 64.2727
243.411 74.5659
242.843 84.5753
242.158 94.8371
226.866 98.7326
233.146 101.308
239.567 104.211
245.742 103.32
251.756 101.958
206.874 64.1804
213.639 60.1045
221.189 61.2289
227.859 67.7094
220.357 67.9218
212.657 67.0316
254.586 71.0963
262.232 65.935
269.661 66.2533
274.958 71.9262
269.482 73.41
261.853 72.879
211.108 109.198
222.114 109.257
231.858 109.909
237.702 112.122
243.658 111.3
251.364 113.044
260.038 114.579
249.743 120.19
241.567 121.9
235.286 121.845
229.035 120.425
219.858 116.295
214.901 110.254
231.188 113.631
237.252 115.16
243.218 114.989
256.203 115.268
242.287 115.944
236.229 116.276
230.105 114.811
