174.902 70.2964
176.956 82.6805
180.254 94.0067
183.379 105.93
186.465 118.31
192.627 129.569
201.804 138.465
213.672 144.16
227.367 145.736
241.49 143.743
252.613 137.718
262.417 129.021
269.256 118.326
272.801 106.214
275.102 93.3986
277.229 81.1012
278.662 67.6371
180.659 56.8128
185.71 47.4468
195.44 42.5775
206.9 40.138
218.08 41.2228
234.244 40.178
244.653 38.6809
255.587 41.1504
264.872 46.0521
269.752 55.002
227.09 57.4535
227.27 66.5051
227.42 75.3363
227.515 84.4761
217.112 94.8087
222.256 96.3126
227.489 97.4794
232.898 96.3524
237.973 94.4939
192.554 64.3617
198.576 59.1979
206.324 59.0637
213.803 64.3186
206.754 66.6394
198.738 67.3554
239.417 63.6221
246.546 57.9436
254.305 57.9112
260.463 62.8499
254.884 65.654
246.982 65.7068
210.822 115.175
216.645 109.407
222.622 106.717
227.591 108.269
232.971 106.693
239.568 109.145
246.011 114.909
239.729 117.816
233.462 118.607
227.854 119.193
222.732 118.754
216.56 117.558
214.113 114.365
222.843 111.74
227.818 112.241
233.313 111.656
242.514 114.246
233.102 112.312
227.674 112.931
222.721 112.27
