173.466 72.9
176.211 86.3415
179.629 98.4509
182.892 111.007
186.555 123.524
193.392 135.04
202.923 144.078
215.145 149.911
229.122 151.17
243.004 148.608
254.555 141.72
264.343 132.954
271.181 122.027
274.325 109.648
275.911 96.501
277.393 83.5908
278.866 69.731
179.504 60.8199
184.556 51.1153
194.665 45.4754
206.545 44.112
217.807 46.8956
236.061 45.4983
246.148 41.0931
257.533 41.0235
267.691 46.2158
272.096 56.3798
227.289 62.9204
227.468 72.562
227.649 81.9257
227.815 91.4756
216.626 101.037
222.029 102.608
227.623 103.902
233.132 102.525
238.422 100.591
192.84 70.0802
198.997 65.7576
206.317 65.5205
213.268 69.7395
206.454 71.9786
198.968 72.4975
240.616 68.5307
247.886 63.7288
255.215 63.5343
261.155 67.4534
255.43 70.3115
247.981 70.37
208.235 119.087
215.811 115.271
222.305 113.59
227.369 115.03
232.792 113.219
239.442 114.677
247.212 118.202
239.921 122.298
233.276 123.82
227.616 124.481
222.291 124.279
215.52 123.087
211.283 118.856
222.409 117.858
227.567 118.422
233.136 117.434
243.747 118.191
232.95 117.951
227.426 118.972
222.273 118.437
