173.289 72.069
175.465 84.6643
178.435 96.3977
181.855 108.455
185.509 120.435
191.934 131.55
200.816 140.283
212.22 146.479
225.556 148.103
239.033 145.978
250.334 139.484
259.935 131.026
266.759 120.604
270.447 108.769
272.775 96.532
275.03 84.2491
277.288 70.5525
178.952 59.494
183.87 49.8849
193.751 44.5907
205.218 42.8126
216.078 45.0276
233.992 44.1443
244.333 41.4591
255.611 42.6499
265.699 47.6105
270.262 57.6907
225.508 60.1751
225.661 69.6196
225.73 78.8048
225.781 88.1446
214.913 97.707
220.172 99.2503
225.706 100.613
231.248 99.2979
236.669 97.3915
191.248 67.1745
197.368 61.8555
205.12 61.6606
212.171 66.9539
205.198 69.2488
197.275 69.9263
238.864 66.1374
245.896 60.5914
253.701 60.3811
259.471 65.298
254.065 68.1886
246.176 68.0692
206.501 116.607
213.538 112.099
220.221 110.001
225.482 111.664
230.871 109.863
238.028 111.834
245.132 116.286
238.181 120.551
231.11 122.172
225.403 122.758
219.912 122.415
213.148 120.634
209.677 116.22
220.312 114.657
225.681 115.295
231.195 114.502
241.751 115.92
230.896 115.566
225.365 116.439
220.028 115.779
