165.668 74.588
167.239 85.4766
170.345 96.1024
175.197 106.845
180.625 117.285
187.12 127.419
195.524 135.677
205.823 140.486
218.343 141.4
231.089 138.374
241.767 132.227
251.17 123.188
258.222 112.889
262.886 101.574
265.738 88.8458
266.803 76.1554
266.865 63.6268
169.631 47.7594
171.556 36.4832
179.047 28.1905
189.409 24.4187
199.341 26.4647
216.187 23.2601
226.009 18.4765
237.692 20.0588
247.334 26.2727
252.764 36.0336
208.918 40.192
209.271 45.1792
209.429 50.0244
209.618 55.2505
202.828 74.448
207.288 74.1506
211.845 73.6649
216.967 72.8909
222.081 71.831
178.946 56.9621
183.941 51.2011
190.815 49.3044
198.432 51.9905
192.365 55.1618
185.296 57.1538
223.14 48.0467
230.144 43.2219
237.621 43.4162
244.11 47.7575
237.859 49.5029
230.17 49.4566
197.352 104.585
200.88 90.6304
208.058 83.0763
213.241 83.7486
218.55 81.774
227.336 87.118
233.505 99.8722
229.214 109.992
221.607 115.255
215.797 116.522
210.064 116.734
202.488 112.906
200.349 103.161
208.926 91.4638
213.97 90.5902
219.328 90.1213
230.267 99.0746
220.373 105.752
214.826 106.893
209.522 107.059
