173.196 78.3984
175.902 92.3031
179.554 105.736
183.678 118.949
188.11 132.167
195.181 144.206
204.869 153.469
217.086 160.032
231.006 161.555
245.688 159.034
258.143 151.454
268.847 141.893
276.354 130.665
280.616 118.258
282.724 104.731
284.046 91.2677
285.382 76.5627
178.881 65.8613
184.339 56.44
194.747 52.2848
206.298 51.56
217.693 53.5734
234.765 52.0479
245.731 50.0023
256.865 51.2194
267.282 55.9038
272.938 64.7505
227.191 73.1251
227.467 84.8209
227.711 95.8745
228.078 106.983
216.437 113.673
222.222 115.978
228.193 117.606
233.876 115.816
239.152 113.429
192.007 77.0937
198.071 71.8244
206.427 72.4075
213.345 78.5698
205.967 80.7789
197.496 80.9103
240.556 77.854
247.363 71.2062
255.823 70.7874
262.244 75.732
256.631 79.4156
248.16 79.8688
209.136 130.6
216.975 127.466
223.005 126.209
227.973 127.467
233.504 125.689
240.587 126.556
248.58 128.715
241.278 134.068
234.395 136.044
228.775 136.826
223.49 136.572
217 135.075
212.551 130.523
223.263 130.258
228.279 130.696
233.878 129.678
245.011 129.138
233.934 130.487
228.359 131.484
223.241 131.029
