174.841 70.1286
177.345 82.6879
180.798 94.2586
183.881 106.239
187.262 118.654
193.867 129.27
203.176 137.539
215.036 142.525
228.594 143.658
242.154 141.718
253.393 136.255
263.165 128.434
270.007 118.548
273.527 106.899
275.674 94.551
277.54 82.3718
279.123 69.0831
180.577 57.9623
185.656 48.0595
195.918 43.2538
207.878 40.8387
219.464 42.0893
232.35 41.3485
243.34 39.8541
254.946 42.347
264.996 47.321
270.227 56.8497
226.824 57.5685
226.97 66.4591
227.023 75.1015
227.023 84.0487
216.742 94.3367
221.934 95.8431
227.349 96.8546
232.786 95.8492
237.965 94.1679
192.454 63.9082
198.476 58.4281
206.29 58.2688
213.58 63.9805
206.438 66.0689
198.421 66.6694
239.591 63.4955
246.792 57.5136
254.556 57.679
260.763 62.7886
255.009 65.5642
247.077 65.4645
210.282 114.061
216.311 108.511
222.59 105.947
227.599 107.566
233.006 105.954
239.796 108.544
246.681 114.156
240.144 116.45
233.517 116.98
227.885 117.397
222.672 116.91
216.249 115.928
213.376 113.008
222.709 110.453
227.849 111.122
233.366 110.525
243.07 113.115
233.212 111.204
227.699 111.821
222.59 111.146
