167.014 77.3886
170.766 89.6879
174.937 101.143
179.403 112.49
184.118 123.936
191.02 133.831
200.706 141.573
213.019 146.156
227.223 146.196
240.994 142.987
252.256 135.689
261.681 126.652
268.069 115.301
270.204 102.395
270.611 89.2081
271.013 76.6855
271.075 62.7687
171.008 62.177
173.904 51.4719
182.525 44.3765
193.56 41.4623
204.759 42.2181
223.57 39.3808
233.574 35.7326
244.54 35.523
254.789 39.8411
260.446 48.9338
215.916 57.7625
217.073 66.7422
218.229 75.441
219.431 84.3566
209.92 95.6025
215.196 96.2957
220.609 96.9082
225.998 95.1145
231.153 93.0688
183.33 69.8572
188.404 64.5441
195.921 63.3287
203.447 67.0924
196.888 70.3082
189.181 71.7102
230.399 62.7618
236.857 56.9485
244.522 56.2805
251.008 60.1434
245.63 63.4116
237.844 64.0693
203.345 115.892
209.819 110.33
216.106 107.244
221.357 108.251
226.622 105.924
233.756 107.484
241.501 111.091
235.045 115.197
228.619 117.31
223.038 118.552
217.652 118.704
210.95 118.357
206.299 115.14
216.877 112.535
222.109 112.474
227.639 111.25
237.912 111.215
227.539 111.568
222.065 113.093
216.842 113.002
