174.558 68.5618
176.402 80.6474
178.794 92.3225
181.484 104.575
184.753 117.032
191.189 128.072
200.303 137.005
211.895 143.01
225.324 144.973
239.069 143.468
250.498 137.366
260.323 129.124
267.533 118.995
271.521 107.108
273.731 94.7572
275.388 82.894
277.22 70.1647
181.13 55.0671
185.873 45.4952
195.741 39.947
207.406 38.1892
218.155 41.0648
236.185 40.6325
246.428 37.6151
257.355 38.5569
266.841 44.1288
270.623 54.4357
227.385 56.2306
227.374 64.8467
227.37 73.2522
227.289 81.9731
215.723 92.5673
221.145 94.2095
226.705 95.6083
232.172 94.5173
237.422 92.7029
193.075 63.7614
199.076 59.0006
206.577 58.8418
213.579 63.2193
206.699 65.5442
199.056 66.1633
239.866 63.0619
247.118 58.3578
254.622 58.6258
260.326 63.2479
254.6 65.5568
247.068 65.2487
206.515 112.013
214.127 107.624
220.808 105.716
225.784 107.356
231.221 105.647
237.631 107.799
244.686 112.141
237.646 115.296
231.277 115.938
225.634 116.314
220.433 115.938
213.76 114.57
209.803 111.679
220.681 109.972
225.794 110.714
231.36 109.928
241.452 111.841
231.253 110.707
225.694 111.413
220.661 110.677
