172.424 72.9122
174.837 87.0052
178.56 100.723
182.755 114.335
187.268 127.68
194.382 139.826
203.693 149.343
215.335 155.982
228.921 157.506
243.256 154.932
255.963 147.658
267.368 138.558
276.039 127.362
281.058 114.312
283.312 99.9858
284.602 85.8638
286.061 70.5481
178.511 60.9356
183.802 51.9104
193.592 47.7223
204.628 46.7639
215.158 49.0627
234.886 47.8416
244.988 45.5302
255.577 46.8511
265.332 51.3288
271.112 59.4836
225.786 68.4075
225.966 79.5954
226.05 90.3175
226.158 101.137
215.598 108.516
220.83 110.826
226.614 112.341
232.481 110.51
237.81 108.122
191.018 72.837
197.24 67.5204
205.576 67.9418
212.917 74.3084
205.407 76.5306
196.922 76.746
239.147 73.3989
246.18 66.6523
254.57 66.4451
261.082 71.2605
255.297 74.9278
246.895 75.4116
209.405 126.031
216.948 122.746
222.522 120.993
226.878 122.269
232.034 120.577
238.684 121.962
246.588 124.634
239.149 129.24
232.598 131.014
227.32 131.615
222.676 131.474
216.71 130.531
212.691 125.97
222.671 125.344
227.102 125.759
232.402 124.938
242.98 124.904
232.229 125.311
226.968 126.297
222.473 125.983
