173.623 70.6391
175.842 85.781
179.569 100.657
183.945 115.391
189.125 129.804
196.396 143.174
204.944 155.222
215.632 163.297
228.649 165.256
241.839 161.232
252.173 150.841
261.465 138.246
269.164 125.122
273.951 110.93
276.399 96.3136
277.946 81.8166
279.192 66.4447
180.094 56.568
184.919 47.1316
194.597 41.721
205.825 40.0143
216.9 42.3583
235.132 41.7499
245.407 39.2096
256.065 40.3557
265.379 45.2005
270.235 53.7871
226.512 57.8272
226.686 66.7033
226.912 75.291
227.107 84.2865
216.447 95.3109
221.644 97.0725
227.204 98.3358
232.614 96.5615
237.611 94.1317
192.005 65.2228
197.942 59.5355
205.917 59.2645
213.095 64.5085
205.94 66.5611
198.011 67.1681
239.708 62.8374
246.407 57.4347
254.239 57.2435
260.327 62.0886
254.63 64.3663
246.918 64.3867
207.948 122.713
212.876 112.381
221.087 108.381
227.067 109.774
233.081 107.765
240.585 110.745
244.745 119.711
240.713 131.017
233.828 137.428
227.238 138.884
220.898 138.623
212.737 133.889
210.572 122.133
221.508 114.243
227.372 114.177
233.354 113.348
241.47 119.625
233.268 129.57
227.017 131.366
220.963 130.828
