169.533 70.4551
171.988 83.0075
175.37 95.2755
179.207 107.274
183.024 119.161
189.714 129.7
198.669 137.536
210.055 142.467
223.479 143.619
237.431 141.351
249.12 135.265
259.352 127.411
266.941 117.299
270.458 105.289
272.259 92.1732
273.515 79.9409
274.733 67.1064
175.583 55.1844
179.406 44.7505
189.003 38.0542
200.563 36.4562
211.56 39.1073
229.771 37.9931
239.686 33.8337
250.86 33.9472
260.63 39.5134
265.095 49.7166
221.347 55.2591
221.772 63.7734
222.197 72.0802
222.524 80.6776
212.078 92.5886
217.315 93.6776
222.627 94.3255
228.011 93.366
233.204 91.834
187.877 64.4732
193.796 59.5142
201.175 58.9495
208.406 63.3008
201.654 65.9226
193.947 66.7458
234.669 61.8717
241.583 56.7247
249.153 56.6087
255.121 61.1379
249.43 63.8299
241.683 63.8288
203.12 112.262
210.588 107.141
217.186 104.333
221.947 105.77
227.09 103.963
233.929 106.486
241.555 110.738
234.135 114.137
227.668 115.47
222.26 116.129
217.436 115.939
210.69 114.896
206.407 111.703
217.325 108.978
222.141 109.425
227.465 108.742
237.993 110.496
227.324 109.286
222.082 110.083
217.394 109.788
