173.249 71.0443
175.532 83.8111
178.763 95.7378
182.148 107.774
185.832 119.861
192.236 131.159
200.959 140.372
212.61 146.601
226.228 148.331
240.161 145.849
251.327 138.698
260.781 129.336
267.482 118.334
270.842 106.275
273.112 93.786
275.55 81.7933
277.483 68.5555
178.757 58.7369
183.804 49.4492
193.73 44.0316
205.527 42.1258
216.525 44.4171
234.55 43.5344
244.824 40.6627
255.904 41.8328
265.688 46.5721
270.462 55.8667
226.03 59.4888
226.152 68.8399
226.194 77.9252
226.292 87.2297
215.188 96.7906
220.523 98.5194
226.097 99.8537
231.646 98.4808
237.022 96.4631
191.208 66.4781
197.373 61.1894
205.075 60.9744
212.151 66.1747
205.204 68.3815
197.314 69.0842
239.104 64.9445
246.098 59.5019
253.877 59.3376
259.926 64.1007
254.415 66.8426
246.541 66.8506
207.835 116.294
214.444 111.416
220.872 109.088
226.08 110.821
231.405 109.024
238.335 111.254
245.382 115.728
238.661 120.115
231.882 122.077
226.302 122.774
220.904 122.387
214.226 120.407
210.889 115.905
221.11 114.152
226.405 114.766
231.85 113.944
241.95 115.503
231.61 115.026
226.158 116.063
220.893 115.384
