170.734 71.4162
172.877 83.9857
176.374 96.1327
180.095 107.998
183.885 119.958
190.264 130.795
199.276 138.766
210.792 143.71
224.097 144.377
237.611 142.096
248.911 136.142
258.992 128.177
266.134 117.87
269.501 105.807
271.326 93.009
272.768 80.8359
273.875 67.9193
175.778 55.1006
179.921 44.9895
189.294 38.7437
200.754 36.9509
211.638 39.3636
230.321 37.9306
240.269 34.1762
251.284 34.4146
261.073 39.6966
265.598 49.8125
221.716 55.12
222.046 63.8134
222.323 72.3321
222.5 81.0355
212.276 92.4594
217.423 93.7133
222.665 94.6255
228.053 93.4617
233.215 91.7831
188.03 64.563
193.84 59.4684
201.209 59.0058
208.438 63.4613
201.723 66.0011
193.999 66.8451
235.215 61.8624
242.29 56.6585
249.885 56.6068
255.722 61.2306
250.111 63.9404
242.393 63.8654
203.614 112.105
210.841 107.1
217.383 104.462
222.297 105.799
227.673 104.091
234.446 106.505
242.422 110.704
234.849 114.224
228.299 115.324
222.719 116.045
217.729 115.845
211.038 114.832
207.045 111.634
217.551 109.17
222.563 109.565
228.055 108.861
238.709 110.595
227.92 109.259
222.475 110.068
217.564 109.735
