172.536 70.9189
173.899 83.6089
176.339 95.2963
179.287 107.135
182.863 119.149
189.632 129.96
199.166 138.799
211.153 145.057
225.026 147.163
239.45 145.223
251.715 139.018
262.307 130.991
270.334 120.374
274.326 107.877
276.166 94.555
277.589 81.7855
278.801 67.8917
177.373 60.4494
181.785 50.2047
191.899 44.1441
203.744 42.0042
215.076 44.6208
232.538 43.3436
242.949 39.7721
254.423 40.5587
264.798 45.5814
270.078 55.9468
224.174 58.9741
224.293 68.837
224.292 78.3996
224.232 88.1835
212.318 95.8177
218.226 97.5706
224.415 99.209
230.737 97.5625
236.974 95.6938
189.507 66.3261
195.496 61.6174
202.766 61.2278
210.131 65.9335
202.993 67.4162
195.543 67.87
238.202 64.6429
245.431 59.263
252.828 58.9411
259.151 63.5391
253.174 65.7096
245.458 65.7973
202.268 110.837
210.584 108.149
218.098 106.954
224.071 108.399
230.158 106.824
238.635 108.011
248.512 110.138
238.666 114.162
230.393 115.842
223.952 116.391
217.815 115.867
210.419 114.163
205.725 110.969
217.989 110.995
224.179 111.681
230.357 110.896
244.843 110.439
230.225 110.54
224.075 111.304
217.911 110.489
