173.805 68.1707
174.768 81.1992
176.629 93.1734
179.139 105.288
182.651 117.66
189.945 128.639
199.608 138.028
212.208 144.572
226.566 146.647
241.166 144.587
253.73 138.363
264.321 129.779
272.582 118.85
276.361 106.262
278.083 92.9764
279.263 80.0944
280.238 66.6131
178.682 59.288
183.731 49.1058
194.228 42.6651
206.541 40.3017
217.973 43.2299
234.747 42.656
245.981 39.6477
257.966 40.9116
268.338 46.8199
273.055 57.4665
226.882 58.2059
226.884 67.954
226.792 77.423
226.73 87.297
212.685 93.748
219.385 95.7977
226.278 97.7902
233.251 95.9443
240.033 93.9532
191.366 64.0543
197.897 60.2463
204.825 60.234
212.368 64.6015
205.048 65.435
197.845 65.6375
240.29 64.3389
247.865 59.6403
255.042 59.532
261.446 63.5519
255.281 65.107
247.877 65.2259
200.932 107.254
210.872 105.424
219.438 104.842
225.881 106.53
232.881 104.895
241.958 105.503
252.895 107.002
241.933 111.663
233.141 113.46
225.864 114.069
219.086 113.51
210.631 111.395
204.539 107.63
219.241 108.892
225.859 109.582
232.977 108.698
249.421 107.53
233.13 108.513
226.056 109.266
219.306 108.468
