179.215 67.7817
179.43 81.1374
180.544 93.6354
182.216 106.154
185.447 118.557
192.235 129.788
201.828 139.654
214.282 146.756
228.625 149.709
242.899 147.866
254.995 140.924
264.644 131.555
271.939 120.71
276.197 108.766
278.954 96.3267
281.11 84.4595
282.919 70.998
186.134 57.9
192.613 48.7515
203.756 44.198
215.978 43.2866
226.533 47.4981
245.335 47.5674
255.308 44.1348
266.047 45.1964
275.414 50.8978
279.044 60.9434
235.488 62.1916
235.287 72.4025
235.042 82.1914
234.758 92.3265
219.442 97.1331
226.321 99.7374
233.219 102.297
239.847 100.801
246.21 99.051
198.037 64.492
205.4 60.6429
212.843 61.2415
220.052 66.9648
212.597 67.1208
204.884 66.6985
247.083 68.4757
255.09 63.4487
262.438 63.4595
268.326 68.0957
262.506 69.6369
254.822 69.5264
205.585 108.101
216.57 107.41
225.62 107.825
231.631 109.797
238.32 108.655
246.563 109.593
256.299 110.797
245.535 116.468
237.338 118.419
230.355 118.855
223.918 117.78
215.225 114.51
209.38 108.951
225.158 111.693
231.428 112.968
238.144 112.387
252.507 111.484
237.547 113.209
230.844 113.783
224.524 112.524
