174.53 70.1638
177.052 82.9475
180.569 94.4857
183.665 106.42
186.926 118.728
193.332 129.186
202.619 137.414
214.694 142.571
228.433 143.704
242.233 141.599
253.449 136.055
262.996 127.983
269.714 117.539
272.811 105.29
274.822 92.6178
276.924 80.3604
278.42 66.7892
180.627 57.2378
185.641 47.5291
195.771 42.5077
207.32 40.1302
218.759 41.2507
232.79 40.666
243.593 38.8846
255.024 41.3613
264.755 46.3829
269.733 55.7669
226.519 57.4104
226.83 66.4273
227.107 75.1769
227.364 84.1549
216.981 94.2683
222.248 95.6788
227.568 96.741
232.764 95.7388
237.978 94.1293
192.449 63.9754
198.385 58.8629
206.205 58.5698
213.389 64.0017
206.382 66.2296
198.4 66.8335
239.386 63.2387
246.437 57.6445
254.162 57.7785
260.107 62.7513
254.549 65.499
246.705 65.3638
210.815 114.227
216.724 108.947
222.641 106.48
227.751 108.034
233.088 106.451
239.767 108.869
246.331 114.268
239.923 116.503
233.464 116.965
227.872 117.295
222.536 116.779
216.497 116.055
213.836 113.131
222.738 111.069
227.923 111.615
233.36 110.999
242.944 113.148
233.222 111.191
227.799 111.709
222.584 111.006
