174.116 69.9706
176.803 82.5022
180.089 94.1289
183.208 105.979
186.732 118.069
193.139 128.692
202.283 137.352
213.871 142.839
227.695 143.949
241.403 141.991
252.552 135.72
261.999 126.845
268.84 116.122
272.196 103.873
274.451 91.4444
276.783 79.259
278.506 65.6268
179.978 57.4891
185.357 47.8664
195.659 43.0209
207.442 40.8375
218.954 41.7257
231.747 41.4522
242.419 39.68
254.08 41.9687
264.125 46.7022
269.957 55.5407
226.517 57.0075
226.795 65.8893
227.039 74.4417
227.282 83.4142
216.877 93.5741
222.08 94.9731
227.393 95.9647
232.642 94.8952
237.737 93.2155
192.179 64.1214
198.237 59.0876
206.057 58.675
213.334 63.679
206.373 66.1492
198.386 66.9156
239.353 62.8325
246.377 57.3831
253.963 57.4986
259.922 62.1821
254.44 64.9673
246.657 64.8474
211.533 114.079
217.232 108.628
223.294 105.604
228.033 107.127
232.988 105.462
239.474 108.175
246.003 113.6
239.758 116.711
233.477 118.029
228.162 118.541
223.208 118.254
217.097 116.959
214.837 113.152
223.472 110.745
228.258 111.258
233.349 110.623
242.298 112.656
233.182 111.349
228.083 112.165
223.317 111.588
