161.401 78.6358
165.154 89.3643
169.53 99.5098
173.999 109.894
178.792 120.271
185.606 128.896
195.204 134.561
207.499 136.592
220.706 135.539
233.748 132.662
245.147 128.021
254.718 121.204
261.189 111.26
263.138 99.2258
263.656 86.8756
263.848 75.0391
263.743 62.2622
164.075 56.0199
166.042 45.2324
173.261 37.4234
183.3 33.193
193.456 33.7974
212.637 30.5553
221.933 25.9511
233.084 26.5985
243.331 31.5564
249.992 40.1426
205.529 49.5694
206.455 56.5186
207.214 63.3234
208.038 70.4063
201.539 85.7534
206.136 85.9603
210.882 85.7241
215.964 84.331
220.809 82.6125
175.473 65.5962
179.976 59.8482
186.897 58.1333
194.922 61.013
188.512 64.6083
181.296 66.5967
220.66 55.5708
227.049 50.0073
234.493 49.3455
241.296 53.0844
235.542 55.8808
228 56.622
197.247 108.106
202.508 100.424
207.861 95.7994
212.309 96.3156
216.602 94.0356
224.066 96.0952
232.804 101.151
226.118 104.461
219.729 106.352
214.917 107.574
210.312 108.218
204.317 108.676
200.008 106.421
208.998 101.865
213.377 101.206
217.988 100.123
228.959 100.919
218.11 100.049
213.472 101.4
209.078 101.96
