173.851 70.5262
176.316 85.5486
179.945 100.34
183.938 114.866
189.468 129.062
196.862 142.376
205.536 154.222
216.805 161.591
230.246 163.605
243.531 160.01
253.875 150.64
262.881 138.088
269.633 124.852
273.609 110.678
275.511 96.0193
277.001 81.6583
278.337 66.7999
179.284 56.153
184.348 46.5128
194.046 41.0859
205.729 38.9527
216.809 41.3945
233.677 40.2658
243.782 37.1921
254.812 38.1595
264.752 42.694
270.051 51.8417
225.876 54.381
226.191 62.6167
226.546 70.8106
226.913 79.4652
217.172 90.6619
221.95 92.1108
227.242 93.3263
232.587 91.7076
237.213 89.6371
191.834 62.4957
197.466 57.1518
205.23 56.7281
212.345 61.4328
205.364 63.3578
197.563 63.987
239.877 59.9954
246.45 54.9702
254.264 54.9367
260.342 59.5019
254.654 61.5157
246.92 61.5249
208.309 119.54
213.447 108.781
221.58 103.991
227.221 105.157
232.784 103.326
240.686 107.32
245.381 118.12
241.042 130.111
233.941 135.86
227.868 136.921
221.747 136.792
213.553 132.336
210.789 118.99
221.971 110.159
227.658 109.808
233.209 109.418
242.038 117.819
233.153 127.848
227.41 129.171
221.632 128.857
