173.869 77.0797
176.41 90.9917
180.149 104.518
183.954 118.054
188.1 131.339
195.242 143.332
204.314 152.603
216.599 159.451
230.667 160.976
245.197 158.579
257.321 150.963
267.736 141.319
275.104 129.738
279.324 116.985
281.55 103.273
282.955 89.8561
284.336 75.1505
179.472 65.5304
184.854 55.8212
195.242 51.5293
206.8 50.7333
218.118 53.1052
235.666 51.7523
246.437 49.4876
257.368 50.6705
267.606 55.2761
272.979 64.3272
227.729 72.7466
227.978 84.3094
228.195 95.3182
228.525 106.393
216.815 112.966
222.522 115.141
228.395 116.748
234.15 114.925
239.546 112.583
192.163 76.5326
198.411 71.3667
206.676 71.9265
213.676 78.1561
206.14 80.1659
197.803 80.293
240.711 77.6923
247.53 71.1225
255.874 70.6664
262.275 75.5674
256.696 79.189
248.361 79.6356
209.025 130.095
217.545 127.14
223.738 125.772
228.543 127.069
233.987 125.271
240.713 126.237
248.67 128.512
241.198 133.696
234.659 135.606
229.089 136.365
223.98 136.113
217.397 134.728
212.458 130.161
223.841 129.787
228.766 130.281
234.321 129.418
245.106 128.882
234.297 130.142
228.785 131.022
223.793 130.526
