173.401 69.4389
175.155 81.6543
177.912 93.5976
180.88 105.866
184.219 118.289
190.448 129.517
199.469 138.425
211.264 144.494
224.982 145.935
238.974 143.918
250.597 138.006
260.872 130.084
268.111 119.873
272.223 107.37
274.545 94.3096
276.29 81.8153
278.008 68.2447
179.261 55.4479
183.348 45.1704
192.834 38.896
204.188 37.259
214.931 39.8721
234.894 38.9287
244.909 35.7017
255.739 36.676
265.06 42.5441
268.792 52.8241
225.403 57.0428
225.518 66.2311
225.604 75.2172
225.622 84.3983
215.055 94.5819
220.191 96.0783
225.585 97.2329
231.053 96.1065
236.353 94.22
191.456 65.1203
197.326 60.0283
204.856 59.788
212.196 64.597
205.107 67.0703
197.288 67.7122
238.252 63.5822
245.5 58.4485
253.033 58.4643
258.841 63.0051
253.255 65.7175
245.549 65.6524
206.155 113.851
213.388 109.25
219.878 107.169
224.885 108.63
230.217 106.941
237.052 108.858
244.806 113.174
237.409 116.854
230.698 117.973
225.041 118.531
219.773 118.365
213.129 117.299
209.351 113.523
219.9 111.643
225.061 112.166
230.517 111.346
241.34 112.82
230.468 112.081
224.966 112.923
219.878 112.456
