164.538 74.6571
167.205 84.813
170.505 94.7553
174.8 104.88
179.354 114.674
185.975 123.637
195.143 129.831
206.422 132.781
219.47 132.474
232.894 129.492
243.927 123.932
253.48 116.854
260.651 107.997
264.212 97.3455
266.266 85.6025
267.027 73.9787
267.065 61.8311
168.649 49.1016
170.704 38.5341
177.986 30.6748
188.306 26.5299
199.003 27.5391
214.35 24.2292
224.327 20.5964
235.85 21.9819
245.7 27.6597
251.548 36.8554
208.482 42.0447
209.091 47.6128
209.588 52.9424
210.111 58.5886
202.882 76.6618
207.528 76.4225
212.362 75.9803
217.487 74.9415
222.591 73.5926
178.653 58.7741
183.061 53.4593
189.877 51.6049
197.548 53.8661
191.496 56.9618
184.54 58.9752
223.124 49.6307
229.45 45.1596
236.751 44.9939
243.544 48.6772
237.276 50.7355
229.827 50.9934
196.649 102.212
202.041 92.3802
208.715 86.4513
213.757 86.8598
218.664 84.7059
226.55 88.1332
234.275 96.2919
228.067 101.648
221.117 104.608
215.826 105.896
210.669 106.473
203.524 105.984
199.857 100.904
209.61 93.233
214.546 92.3711
219.529 91.5906
230.492 95.8796
219.974 97.32
214.811 98.597
209.859 99.2661
