186.361 63.6845
186.185 77.4058
185.943 90.5523
186.41 104.203
189.066 117.601
195.889 128.879
205.309 138.416
217.116 146.378
231.206 149.752
245.625 148.741
257.56 142.377
267.379 133.567
275.174 123.822
280.26 112.427
283.42 100.43
285.705 88.6756
288.131 75.8738
194.638 56.4411
201.702 47.854
212.858 44.2666
225.014 44.2365
236.355 48.3543
254.755 50.0265
265.003 48.0229
275.638 49.4967
284.545 55.5152
286.653 66.683
244.629 64.2159
243.886 74.5393
243.079 84.5626
242.163 94.8726
226.962 98.0114
233.249 100.735
239.766 103.735
246.097 102.724
252.292 101.326
207.33 63.8932
214.293 60.2526
221.719 61.3546
228.3 67.3738
220.858 67.7373
213.288 66.8906
255.785 70.8179
263.327 66.084
270.619 66.6778
275.915 72.0844
270.314 73.4857
262.88 72.8947
211.51 108.67
222.404 108.602
231.829 109.615
237.815 111.712
244.145 111.02
251.755 112.319
260.239 113.971
249.99 119.253
241.922 120.874
235.258 120.885
228.95 119.585
220.057 115.633
215.059 109.66
231.169 113.012
237.367 114.49
243.719 114.348
256.602 114.489
242.68 115.512
236.284 115.886
230.029 114.532
