173.043 68.8883
174.594 81.6376
177.309 93.9784
180.651 106.464
184.443 118.879
190.815 130.217
199.548 139.083
210.995 144.768
224.751 146.137
238.551 143.46
249.97 137.48
260.203 129.58
267.87 119.35
272.213 106.981
274.587 93.9946
277.028 81.3558
279.235 68.0278
179.476 52.2999
183.742 42.2477
192.575 36.3565
203.495 35.0157
213.45 37.6829
235.974 36.8721
245.572 33.8518
256.13 34.8851
265.439 40.4829
269.719 50.5942
225.003 56.8248
225.085 65.8959
225.217 74.6224
225.378 83.5682
215.068 94.5865
219.982 96.0348
225.18 97.0027
230.561 95.9502
235.687 94.2351
190.802 64.5872
196.791 59.041
204.725 58.9136
212.141 64.3115
205.017 67.0938
196.689 67.6659
238.356 63.4076
245.381 57.5802
253.193 57.5943
258.986 62.6844
253.681 65.7572
245.68 65.8816
207.509 114.155
214.384 109.512
220.813 107.139
224.939 108.569
229.913 106.946
236.82 109.152
244.352 113.506
236.711 117.512
229.875 118.935
224.616 119.5
220.233 119.349
213.899 118.096
210.601 113.675
220.752 111.947
224.981 112.409
230.113 111.674
241.058 113.187
229.797 112.672
224.653 113.536
220.476 113.057
