161.381 77.4438
165.004 88.8013
169.165 99.5055
173.838 110.386
178.807 121.145
185.88 130.224
195.904 136.206
208.125 138.837
221.826 137.69
235.192 134.385
246.899 128.473
256.194 120.495
262.264 109.766
263.787 97.3496
263.413 84.8628
263.256 72.8921
262.7 60.1255
162.977 57.6499
164.738 46.624
172.287 38.3022
182.829 34.2046
193.377 34.5606
211.897 30.9711
221.598 26.8525
232.916 27.3879
243.107 32.254
249.656 40.7098
205.28 50.7435
206.466 57.8956
207.412 64.8246
208.463 72.0604
201.803 87.058
206.424 87.3003
211.19 87.0096
216.249 85.427
221.216 83.7676
175.344 65.9469
179.766 60.4498
186.751 58.5932
194.531 61.5757
188.348 65.2567
181.136 67.2813
220.569 56.0514
226.878 50.6298
234.289 49.8893
240.924 53.4841
235.331 56.5655
227.799 57.2375
197.654 109.483
202.701 101.757
208.266 97.1898
212.86 97.7452
217.566 95.4047
225.274 97.5513
233.802 102.488
227.498 105.938
220.868 107.962
215.746 109.147
211.031 109.792
204.78 110.32
200.356 107.688
209.51 103.006
214.015 102.401
218.978 101.193
230.17 102.136
219.181 102.274
214.207 103.604
209.703 104.053
