173.592 78.2725
176.155 92.2789
179.86 105.894
183.844 119.071
188.098 132.325
195.446 144.255
205.133 153.384
217.497 159.827
231.33 161.395
245.985 158.836
258.298 151.523
268.854 142.015
276.482 130.754
280.776 118.081
282.821 104.318
284.01 90.8426
285.071 75.958
178.927 66.3725
184.547 56.4634
195.259 52.1471
206.887 51.5799
218.156 53.7777
235.321 52.5004
245.966 50.1246
256.841 51.1474
267.198 55.6082
272.756 64.6186
227.721 72.7942
228.002 84.39
228.299 95.3678
228.762 106.386
216.896 113.526
222.736 115.613
228.692 117.125
234.339 115.279
239.553 113.076
191.989 76.9811
198.195 71.6153
206.535 72.1851
213.476 78.4738
206.101 80.6385
197.669 80.7637
240.515 77.911
247.427 71.105
255.813 70.7637
262.09 75.7884
256.583 79.407
248.191 79.8553
209.407 130.888
217.676 127.519
223.826 126.09
228.427 127.325
234.049 125.628
240.972 126.54
248.86 128.579
241.568 133.697
234.94 135.657
229.258 136.509
224.245 136.28
217.769 134.912
212.849 130.642
223.949 130.331
228.666 130.785
234.398 129.76
245.415 128.936
234.533 130.226
228.878 131.137
224.012 130.703
