173.35 72.0179
175.693 84.9147
178.732 97.0299
182.079 109.567
185.632 121.875
191.985 132.848
200.757 141.492
212.417 147.047
225.607 148.527
239.225 146.401
250.505 140.403
260.033 132.302
266.665 122.06
270.07 110.175
271.942 97.3327
274.159 84.8764
276.375 71.059
178.588 59.3139
183.568 49.7266
193.536 44.3781
205.138 42.6529
215.95 45.2039
234.179 44.483
244.457 41.5604
255.685 42.5169
265.575 47.4391
270.066 57.5296
225.651 59.9837
225.754 69.3876
225.8 78.5547
225.881 87.9542
215.147 98.2973
220.304 99.7528
225.758 100.858
231.1 99.6656
236.304 97.7988
191.283 67.2707
197.629 62.1225
205.368 61.9484
212.612 67.1211
205.495 69.2449
197.58 69.8982
238.589 66.3096
245.928 60.8542
253.584 60.6751
259.52 65.4338
253.96 68.2393
246.13 68.2095
206.258 116.632
213.628 112.218
220.251 110.149
225.608 111.761
231.276 109.916
238.218 111.751
245.227 116.168
238.406 120.041
231.548 121.602
225.593 122.188
220.068 121.925
213.265 120.485
209.25 116.198
220.36 114.697
225.82 115.272
231.63 114.397
241.786 115.783
231.338 115.325
225.536 116.251
220.133 115.608
