170.326 70.2466
172.511 82.6334
175.791 94.2125
179.274 106.031
182.435 117.949
188.965 128.674
197.953 137.2
209.568 143.013
223.398 144.451
237.707 142.203
249.306 135.727
259.602 127.52
267.037 117.045
270.457 104.857
272.312 91.9111
273.518 79.717
274.573 66.8964
175.811 54.474
179.871 43.8926
189.268 37.5054
200.772 35.8558
211.887 38.3063
229.505 37.0541
239.6 33.1121
250.757 33.5852
260.693 39.0894
265.117 49.2862
221.342 54.5322
221.617 63.0608
221.913 71.3952
222.145 79.9341
211.971 91.8704
217.144 92.9819
222.389 93.7567
227.829 92.8082
233.041 91.2704
188.089 63.996
193.901 59.2846
201.167 58.6571
208.351 62.7113
201.751 65.3058
194.084 66.1849
234.839 61.2519
241.919 56.4226
249.38 56.4818
255.206 60.7575
249.651 63.4061
241.994 63.3501
203.423 112.138
210.739 106.712
217.305 103.875
222.066 105.365
227.279 103.61
234.177 106.012
241.95 110.573
234.395 114.468
227.752 115.906
222.256 116.552
217.389 116.298
210.785 114.964
206.77 111.465
217.388 108.93
222.226 109.335
227.547 108.685
238.219 110.415
227.451 109.478
222.127 110.259
217.381 109.827
