186.015 63.0948
185.904 77.2437
186.215 90.9339
187.244 104.552
190.219 117.689
197.14 128.946
206.184 138.664
217.95 146.128
232.383 149.293
246.631 147.914
258.175 140.929
267.27 131.569
274.425 121.26
279.228 110.079
282.658 98.3931
285.272 86.7502
287.603 74.467
194.35 57.5101
201.285 48.4221
212.621 44.4273
224.827 44.3796
236.024 48.8243
255.061 49.9413
265.135 47.8977
275.531 49.4913
284.383 55.5004
286.79 66.5061
244.51 63.8702
243.827 74.4608
243.116 84.773
242.314 95.3714
226.794 98.2365
233.181 100.928
239.735 103.84
246.108 102.826
252.318 101.513
206.632 63.8537
213.763 60.3578
221.235 61.39
227.933 67.6731
220.397 67.701
212.742 66.7662
255.31 70.8202
263.038 66.0802
270.298 66.7298
275.565 72.0617
269.9 73.403
262.443 72.7373
210.837 108.269
221.982 108.608
231.663 109.512
237.649 111.68
244.098 110.875
252.047 112.303
260.447 113.966
250.371 119.517
242.069 121.409
235.362 121.376
228.923 119.918
219.859 115.838
214.342 109.365
230.942 113.241
237.181 114.752
243.617 114.527
256.786 114.346
242.85 115.664
236.366 115.995
230.062 114.486
