172.932 67.3866
174.778 80.7081
177.63 93.6023
180.995 106.418
184.752 119.168
190.991 130.871
199.81 139.99
211.247 146.308
225.251 147.861
239.308 145.209
250.497 138.762
260.005 130.281
267.154 119.279
271.053 106.312
273.365 92.8945
275.665 79.7415
277.755 65.5725
179.191 52.5289
183.311 42.5596
192.604 36.8759
203.358 35.9235
213.159 38.8318
236.295 37.6428
245.911 34.46
256.103 35.2396
264.985 40.872
268.823 50.8912
224.762 57.592
224.885 67.0227
225.005 76.0777
225.106 85.3651
214.527 95.8149
219.594 97.3886
224.902 98.5053
230.338 97.3334
235.63 95.5685
190.549 65.0393
196.601 58.9893
204.957 58.835
212.083 64.9694
205.035 68.1051
196.389 68.7019
237.624 64.0349
244.772 57.5001
253.092 57.3442
258.859 63.021
253.726 66.7101
245.206 66.6938
206.666 116.294
214.055 111.02
220.486 108.664
225.038 110.178
230.009 108.469
236.922 110.52
244.703 115.004
237.272 119.58
230.574 121.071
225.246 121.787
220.45 121.548
213.915 120.075
210.226 115.805
220.583 113.898
225.191 114.293
230.271 113.579
241.36 114.766
230.237 114.495
225.176 115.361
220.526 114.809
