181.56 64.9547
182.819 77.4991
184.572 89.3446
186.789 101.471
189.914 113.669
196.584 124.383
205.754 132.906
217.329 139.225
230.727 141.462
244.306 139.797
255.784 134.042
265.6 125.883
272.839 115.821
276.746 103.854
279.491 91.3096
281.934 79.421
283.959 66.8331
188.557 53.2396
194.441 43.7678
204.844 38.5104
216.845 36.9954
227.668 40.4535
244.178 40.0518
254.741 37.3331
265.718 38.8471
275.058 44.3124
278.99 54.5025
235.845 54.8712
235.82 63.4088
235.811 71.6202
235.707 80.1992
223.285 90.0715
228.948 91.6814
234.529 92.9766
240.14 92.1484
245.463 90.6991
200.3 61.7048
206.885 57.5436
214.193 57.372
221.545 61.7141
214.442 63.2646
206.814 63.7277
248.186 61.9043
255.765 57.8693
263.018 58.2422
268.851 62.2938
262.929 64.0797
255.455 63.7062
212.736 108.375
220.776 104.012
227.975 101.842
233.032 103.577
238.741 102.272
245.676 105.153
253.282 109.638
245.163 113.511
238.272 114.762
232.279 115.141
226.853 114.442
219.874 112.318
216.2 108.074
227.687 106.899
232.866 107.536
238.705 107.165
249.53 109.389
238.359 108.067
232.573 108.516
227.306 107.793
