179.042 65.6667
180.552 78.4032
182.923 90.5336
185.577 102.679
188.776 115.216
195.285 126.357
204.652 135.28
216.46 141.466
229.886 143.293
243.391 141.503
254.384 135.589
263.894 127.606
270.879 117.277
274.402 105.498
276.776 93.0967
278.921 81.367
280.85 68.9879
186.089 54.1087
191.553 44.4686
201.798 38.7316
213.891 37.0495
225.006 40.4005
241.218 40.3645
251.541 37.346
262.718 38.691
272.383 44.1549
276.182 54.4717
233.283 55.1113
233.308 64.2249
233.327 72.9939
233.281 82.0426
221.125 91.5369
226.672 93.3174
232.376 94.7837
237.98 93.5867
243.224 91.8343
197.919 61.7478
204.124 56.6745
211.731 56.617
218.998 61.7672
211.917 63.7184
203.991 64.1781
245.447 61.9409
252.899 56.8197
260.502 57.0764
266.165 62.2323
260.515 64.3683
252.754 63.9131
211.016 110.159
219.153 105.761
226.297 103.72
231.488 105.399
237.155 103.723
243.845 106.067
250.897 110.671
243.58 114.539
236.878 115.662
231.031 116.135
225.512 115.681
218.396 113.921
214.431 110.052
226.004 108.218
231.356 108.91
237.124 108.281
247.4 110.456
236.988 109.533
231.277 110.252
225.932 109.57
