173.692 69.595
176.113 85.2503
179.496 100.832
183.9 115.72
189.923 130.185
197.357 143.556
205.975 155.045
216.235 162.839
229.409 164.917
242.723 160.954
253.247 151.703
262.745 139.827
270.829 127.056
276.146 112.686
278.669 97.7108
280.148 82.9608
281.598 67.561
179.111 57.6049
184.748 48.6159
194.823 43.6365
206.478 41.9494
217.55 44.2035
233.571 42.7784
243.864 39.3559
254.953 40.0754
265.081 44.124
270.595 52.8279
225.781 55.1699
225.973 62.6329
226.166 70.1798
226.377 78.2695
215.707 88.9739
221.074 90.7452
226.729 92.1533
232.628 90.261
237.901 87.9334
191.337 63.0632
197.306 58.4998
204.821 58.0134
211.789 61.7961
205.01 63.5202
197.497 64.1406
239.926 60.3465
246.78 55.811
254.313 55.8134
260.407 60.0209
254.573 61.6107
247.116 61.5139
208.446 119.206
213.148 106.987
221.37 101.707
227.106 102.717
233.115 100.955
241.46 104.741
245.986 115.78
241.727 128.571
234.201 134.903
227.769 136.268
221.808 136.205
213.645 131.581
211.127 118.073
221.847 106.762
227.429 106.295
233.41 105.792
242.986 115.031
233.497 127.551
227.241 129.101
221.617 128.812
