174.894 68.8798
177.386 81.1766
180.536 92.7701
183.526 104.986
186.997 117.55
193.64 128.276
202.879 137.068
214.313 142.547
228.137 143.662
241.96 141.69
252.961 135.339
262.403 126.671
269.334 116.011
272.891 103.829
275.131 91.5815
277.243 79.3912
278.814 65.8685
180.487 57.8388
185.785 48.107
196.09 43.1506
207.872 40.7459
219.28 41.9558
231.87 41.7171
242.621 39.8983
254.231 42.4076
264.179 47.1306
269.852 55.973
226.601 57.3403
226.893 66.156
227.144 74.6629
227.354 83.4857
216.731 93.6598
221.909 95.1011
227.231 96.1627
232.678 95.0638
237.961 93.2265
192.298 64.0049
198.351 58.954
206.129 58.6489
213.499 63.8764
206.426 66.1179
198.473 66.7413
239.451 63.1599
246.519 57.6922
254.143 57.7574
260.303 62.6181
254.539 65.3059
246.742 65.1176
211.098 113.858
216.688 108.615
222.666 105.953
227.661 107.373
232.943 105.732
239.712 108.141
246.55 113.518
240.054 116.301
233.409 117.438
227.867 117.86
222.617 117.423
216.496 116.121
214.361 112.99
222.823 110.794
227.884 111.277
233.311 110.593
242.891 112.645
233.191 111.21
227.8 111.884
222.708 111.167
