183.8 64.8238
184.236 78.438
185.43 91.3389
186.995 104.106
189.094 117.479
195.225 129.534
204.205 139.369
216.219 147.134
230.644 150.238
244.953 148.838
256.677 141.986
265.782 133.008
272.479 122.627
276.498 110.832
279.82 98.9742
282.879 87.3787
285.529 74.7645
191.587 56.5373
198.151 47.5416
209.129 43.4404
221.22 42.9899
231.965 47.6259
250.902 48.667
260.979 45.6462
271.559 46.7071
280.54 52.4832
283.207 63.4198
240.493 63.2191
239.962 72.9245
239.448 82.4092
238.829 92.0092
225.397 98.9978
231.085 101.285
236.884 103.508
242.541 102.628
247.969 100.985
203.463 65.1407
210.461 60.424
218.406 61.1053
225.154 67.6126
217.657 68.4683
209.514 68.1031
251.818 69.8157
259.412 64.3849
267.182 64.702
272.761 70.2136
267.291 72.312
259.25 71.929
213.204 114.469
221.797 111.937
229.706 111.273
234.966 113.484
240.518 112.362
247.24 114.576
254.323 118.119
246.189 122.371
239.277 123.305
233.438 123.156
227.702 122.066
220.231 119.173
216.917 114.809
229.132 115.714
234.663 116.971
240.261 116.68
250.506 118.289
239.77 116.525
234.178 116.905
228.614 115.491
