174.357 69.1787
176.581 84.6995
179.73 100.049
184.101 114.668
190.132 128.381
197.484 141.368
205.296 153.378
215.217 161.232
227.819 163.424
240.504 159.919
250.218 150.223
258.887 137.66
266.446 125.19
271.646 111.475
274.758 96.8811
276.632 82.5459
278.35 67.4465
179.962 56.164
185.009 47.0344
194.652 41.6243
206.435 39.4817
217.784 41.3903
233.756 40.4678
244.307 37.4953
255.401 38.4938
265.515 42.8347
270.815 51.8905
226.306 54.0994
226.494 62.2024
226.699 70.2963
226.876 78.96
216.616 89.6464
221.698 91.2794
226.981 92.6945
232.649 90.902
237.617 88.6935
191.853 62.5178
197.755 57.7782
205.345 57.3694
212.409 61.1141
205.501 63.0021
197.878 63.735
240.429 59.7356
247.381 55.3689
254.806 55.455
260.471 59.5829
254.805 61.4936
247.451 61.3096
208.15 117.716
213.312 107.001
221.464 102.587
226.961 103.887
232.737 102.211
240.687 106.048
245.567 115.161
240.986 128.22
233.589 133.97
227.467 135.012
221.447 134.742
213.256 130.264
210.567 116.813
221.821 107.507
227.3 107.315
232.925 107.002
242.57 114.843
233.071 126.343
227.211 127.595
221.538 127.19
