173.071 68.7389
174.631 81.6124
177.419 93.9423
180.835 106.371
184.631 118.774
191.043 130.216
199.776 139.301
211.122 145.331
224.62 147.109
238.309 144.677
249.896 138.329
260.234 130.048
268.164 119.566
272.654 107.179
275.327 94.0664
277.385 81.0293
279.126 67.6317
179.278 52.3427
183.503 42.3665
192.488 36.6233
203.447 35.5579
213.516 38.3995
235.641 37.3329
245.531 33.9772
256.104 34.8492
265.377 40.2355
269.61 50.0271
224.997 57.6675
225.097 66.8652
225.209 75.6607
225.288 84.6567
214.927 95.7801
219.918 97.252
225.13 98.2585
230.65 97.1516
235.873 95.3155
190.702 64.9234
196.669 58.8724
204.919 58.8207
212.384 64.8529
205.228 67.6989
196.628 68.2641
237.873 63.6929
245.023 57.3099
253.127 57.2396
259.014 62.7913
253.741 66.1033
245.429 66.1925
208.339 115.506
215.086 110.69
221.123 108.409
225.257 109.924
230.071 108.257
236.83 110.266
244.411 114.314
236.971 118.039
230.415 119.443
225.284 120.045
220.901 119.844
214.933 118.653
211.554 114.838
221.184 113.502
225.395 113.983
230.36 113.165
241.015 113.965
230.169 113.2
225.218 114.166
221.009 113.604
