173.908 73.1727
176.985 86.4921
180.609 98.9187
183.619 111.581
187.156 123.712
193.745 134.847
203.03 142.97
214.941 148.175
228.798 149.414
243.209 147.169
255.24 141.202
265.314 133.129
272.189 122.685
275.231 110.266
276.505 96.7882
277.876 83.8004
279.551 69.5001
179.389 59.8405
184.026 50.0029
193.93 44.4212
205.633 42.8573
216.802 45.0749
236.043 43.8143
245.913 40.254
256.924 40.4114
266.793 45.5637
271.404 55.2713
226.894 60.3666
227.162 69.898
227.408 79.2367
227.604 88.7774
216.85 98.3972
222.037 99.8672
227.474 101.169
232.853 99.88
238.047 98.1478
192.582 68.15
198.663 63.2176
206.21 63.0796
213.271 67.8868
206.267 70.2251
198.592 70.6879
240.075 66.6704
247.094 61.3568
254.649 61.136
260.72 65.6706
254.991 68.5559
247.361 68.5842
208.456 116.939
215.795 112.756
221.898 110.915
227.201 112.458
232.816 110.724
239.512 112.421
247.047 116.284
239.993 119.496
233.334 120.347
227.548 120.818
222.13 120.362
215.724 119.487
211.539 116.47
222.025 115.218
227.419 115.805
233.153 114.96
243.559 116.097
233.052 115.208
227.379 115.992
222.041 115.308
