173.348 77.8111
176.087 91.8815
179.659 105.617
182.994 119.204
187.14 132.409
194.2 143.958
203.736 152.964
216.003 159.492
230.186 161.173
245.106 158.829
258.027 151.94
269.118 143.055
277.285 132.124
282.005 119.215
284.636 105.466
286.446 91.7062
288.207 76.7124
179.076 65.8579
184.84 56.1063
195.649 51.7966
207.445 51.2096
218.773 53.4618
235.759 52.0322
246.732 49.9299
258.053 51.2735
268.317 55.8845
274.205 64.6908
227.923 72.841
228.209 84.1216
228.468 95.0036
228.749 105.869
217.21 113.258
222.933 115.226
228.628 116.671
234.225 114.969
239.512 112.776
192.435 76.8996
198.595 71.3946
206.78 71.9394
213.82 78.5318
206.37 80.4589
198.124 80.547
241.057 77.8321
247.602 70.8343
255.987 70.4374
262.61 75.4409
256.866 78.9658
248.53 79.5555
209.384 130.282
217.554 127.029
223.571 125.524
228.533 126.923
234.123 125.088
240.882 126.268
248.767 128.585
241.402 133.31
234.95 134.809
229.218 135.498
223.908 135.277
217.467 134.303
212.795 130.351
223.691 130
228.738 130.486
234.466 129.525
245.183 128.919
234.452 129.266
228.823 130.066
223.664 129.664
