169.415 70.4234
171.667 82.7078
175.2 94.1999
179 106.085
182.779 118.154
188.895 129.273
197.398 137.858
208.594 143.534
222.164 145.191
236.007 142.747
247.055 136.366
256.741 127.51
263.869 116.717
267.444 104.534
269.395 92.0294
270.917 79.6897
271.776 66.962
174.769 50.835
178.397 40.6799
187.323 33.8974
198.443 31.9075
209.103 34.5084
227.26 32.8226
237.171 28.7811
248.337 29.4701
257.637 35.1163
262.041 45.1682
218.961 49.915
219.329 57.8619
219.706 65.6998
219.918 73.7992
210.322 87.2861
215.287 88.1659
220.421 88.8132
225.876 87.8554
230.957 86.0851
186.341 62.0128
191.897 57.7736
198.795 56.9914
206.234 59.9126
199.575 62.6146
192.402 63.6966
232.928 57.7377
239.946 53.861
247.201 53.8575
253.024 57.5162
247.376 59.918
239.958 59.8177
202.131 110.427
208.35 102.624
215.095 98.5642
220.133 99.9457
225.523 98.086
232.548 101.475
239.46 108.557
233.122 114.74
226.46 117.008
220.69 117.839
215.308 117.71
208.282 115.502
205.659 109.512
215.437 104.73
220.493 104.907
225.972 104.281
235.658 108.115
225.851 109.217
220.272 110.1
215.2 109.804
