173.363 71.6511
175.731 84.5197
178.943 96.8648
181.968 109.091
185.323 121.285
191.67 132.19
201.045 140.346
212.979 145.538
226.382 146.558
240.145 144.547
252.062 139.047
262.008 131.303
269.017 121.229
272.271 109.476
273.702 96.6939
274.925 84.4968
276.268 71.2174
179.205 57.8749
184.264 48.06
194.333 42.4343
206.061 40.9437
216.915 43.8048
234.026 42.7614
244.123 39.1975
255.302 39.7323
265.286 44.8669
269.684 54.9003
225.617 59.0117
225.741 67.9229
225.849 76.5758
225.967 85.5024
215.297 95.8018
220.543 97.2492
225.984 98.4148
231.271 97.1012
236.388 95.4
191.827 66.4694
197.724 61.3397
205.349 61.0537
212.33 66.298
205.349 68.5721
197.637 69.0551
239.098 65.3785
246.159 59.6785
253.745 59.5886
259.421 64.5829
253.816 67.2614
246.255 67.1759
205.551 115.35
213.337 110.581
220.021 108.318
225.285 109.843
230.714 108.034
237.615 110.042
245.224 114.531
237.818 117.95
231.022 118.984
225.405 119.612
220.048 119.425
213.089 118.638
208.541 114.996
220.129 112.99
225.437 113.394
231.008 112.591
241.754 114.373
230.822 113.201
225.287 114.073
220.06 113.71
