174.014 69.0372
175.898 81.7892
178.884 93.6883
181.834 106.004
185.11 118.527
191.461 129.814
200.799 138.462
212.748 144.147
226.435 145.671
240.508 143.816
252.831 137.751
263.519 129.795
270.881 119.118
274.536 106.747
276.352 93.6127
277.891 81.1736
279.17 67.6165
179.966 55.3456
184.338 45.4502
193.999 39.5009
205.548 38.1217
216.528 40.8003
235.231 40.3293
245.044 36.7763
255.928 37.146
265.618 42.4654
269.782 52.6386
226.082 57.2526
226.219 66.485
226.307 75.4861
226.318 84.7143
215.785 95.1918
221.032 96.5174
226.482 97.5651
231.849 96.4284
237.147 94.6911
192.48 65.0729
198.266 60.1764
205.722 60.0057
213.071 64.8164
205.913 67.0859
198.205 67.6529
239.378 64.0399
246.561 58.7697
254.121 58.672
260.034 63.2323
254.367 65.9091
246.633 65.8566
207.29 113.468
214.411 109.219
220.721 107.328
225.984 108.848
231.33 107.098
238.145 108.917
245.835 113.061
238.507 116.667
231.774 117.862
226.197 118.449
220.808 118.082
214.389 116.842
210.534 113.215
220.833 111.567
226.123 112.22
231.626 111.423
242.361 112.816
231.614 112.194
226.079 113.063
220.822 112.422
