161.792 84.9773
167.352 96.9436
172.96 107.895
178.487 118.712
184.299 129.456
192.701 138.232
203.441 145.067
216.306 149.098
229.931 148.599
242.314 144.275
252.751 136.122
260.461 125.424
265.718 112.554
265.873 98.5815
264.427 84.9174
263.417 71.7801
261.997 57.5363
164.18 70.1594
165.458 58.9767
172.926 52.0971
182.84 48.5313
193.68 47.9693
211.927 43.5434
221.107 38.5222
231.663 37.5866
242.179 40.0901
249.605 47.1002
206.788 63.3397
209.056 72.8065
211.178 82.0039
213.456 91.4336
206.505 102.929
211.621 102.962
216.731 102.895
221.397 100.487
225.925 98.2789
177.033 77.4897
181.047 71.9381
188.12 70.1011
195.825 73.4947
189.609 77.2284
182.303 79.0445
222.041 65.9561
227.267 59.5158
234.655 57.9041
241.521 60.7475
236.964 64.8345
229.312 66.3535
204.164 121.783
209.426 116.727
214.13 113.232
218.992 113.838
223.306 111.016
230.546 111.607
238.629 113.813
233.286 118.739
227.191 122.105
222.275 123.895
217.201 124.49
211.538 124.561
206.742 120.658
215.457 118.19
220.308 117.944
225.076 116.11
235.119 114.162
225.022 116.275
220.257 118.012
215.335 118.481
