173.856 68.5078
175.515 80.735
178.16 92.4878
181.109 104.653
184.658 117.31
191.124 128.571
200.343 137.568
211.935 143.691
225.464 145.644
239.233 144.236
250.714 138.485
260.842 130.788
268.382 120.611
272.483 108.683
274.902 95.7908
276.629 83.557
278.417 70.4664
181.042 54.7713
186.129 45.4647
195.921 40.146
207.331 38.6235
218.268 41.4845
236.128 40.8261
246.345 37.7265
257.398 38.6946
266.834 44.3708
270.638 54.6314
227.248 56.7008
227.276 65.2501
227.307 73.5291
227.297 82.1641
215.979 92.7878
221.278 94.5432
226.93 95.8692
232.395 94.8524
237.629 93.0916
193.389 64.3527
199.438 59.8164
206.725 59.5128
213.756 63.8932
206.933 66.3132
199.386 66.8301
240.073 63.6435
247.469 59.1258
254.899 59.3013
260.417 63.9245
254.805 66.3063
247.254 65.9612
206.96 111.975
214.289 107.667
221 105.925
225.882 107.596
231.015 106.06
237.654 108.125
245.302 112.554
237.705 116.095
231.138 116.516
225.759 116.767
220.631 116.314
214.028 114.95
210.261 111.657
220.928 110.183
225.953 110.91
231.153 110.302
241.871 112.312
231.066 111.206
225.858 111.741
220.866 110.971
