174.132 77.0406
176.816 91.1756
180.488 104.827
184.271 118.008
187.968 131.123
194.779 143.175
204.738 152.215
217.613 157.989
232.078 159.657
247.023 157.185
260.591 150.48
271.685 141.492
279.267 130.045
282.87 116.959
284.54 102.595
285.686 89.1055
286.92 74.7558
179.717 64.5461
185.034 55.3005
195.167 50.3693
206.731 49.7901
217.542 52.5704
236.396 50.9902
246.443 47.4187
257.591 47.5749
267.647 52.2967
273.227 61.5338
227.674 70.4527
227.852 81.4096
228.003 91.9379
228.307 102.808
218.061 111.243
223.406 113.238
229.015 114.495
234.365 112.689
239.217 110.261
193.323 77.0824
199.715 73.7432
207.04 73.5495
214.307 77.1305
207.143 79.3217
199.613 79.715
241.521 75.8437
248.925 71.5479
256.347 71.2458
263.027 74.1778
256.782 77.2784
249.232 77.6167
213.438 129.761
219.713 125.025
224.887 122.93
229.206 124.03
234.212 122.262
240.741 123.498
248.765 126.723
241.652 130.858
235.444 132.439
230.357 133.345
225.708 133.31
220.189 132.921
216.764 129.226
225.169 127.676
229.5 127.747
234.722 126.843
245.2 126.858
234.895 126.575
229.772 127.608
225.39 127.499
