174.014 70.688
176.102 85.541
179.68 99.9097
183.461 114.049
188.361 127.627
195.44 140.441
203.641 151.428
214.188 159.095
227.458 160.914
240.563 156.993
250.734 147.338
259.232 135.998
266.235 123.969
270.375 110.74
272.55 96.8588
274.564 83.2317
276.221 68.7265
180.094 57.4935
185.011 47.9988
194.699 42.6997
205.863 40.7399
216.78 43.13
235.188 42.7272
245.043 40.1023
255.534 41.1801
264.815 45.5542
269.491 54.5181
226.183 58.5506
226.409 67.8007
226.705 76.7211
226.92 85.8857
215.985 96.3162
221.251 98.0833
226.902 99.3974
232.337 97.5659
237.373 94.9616
191.785 65.8755
197.914 60.3878
205.729 60.1629
212.886 65.375
205.737 67.3565
197.871 67.8758
239.141 63.7002
246.078 58.3048
253.767 57.9115
259.597 62.7231
254.173 65.0897
246.498 65.1043
207.355 121.789
212.864 112.813
220.649 108.753
226.721 110.131
232.414 108.029
239.501 110.649
244.172 118.674
239.585 129.164
232.874 134.662
226.641 136.144
220.303 136.013
212.477 131.858
210.222 121.361
221.044 114.641
227.031 114.615
232.723 113.668
240.955 118.633
232.379 126.781
226.512 128.485
220.431 128.121
