169.796 73.1856
171.636 85.1801
174.914 96.8323
179.221 108.578
184.099 119.776
190.3 130.525
198.335 139.538
208.693 145.727
221.983 147.47
235.53 144.028
246.415 136.572
255.487 126.524
262.596 115.115
266.636 102.909
268.925 89.5081
269.813 76.9788
270.169 63.5505
174.447 47.1135
176.633 36.2644
184.855 28.9661
195.563 25.7166
205.97 27.7276
222.53 25.6683
232.449 21.5268
243.655 22.5895
253.069 28.3049
257.499 38.0706
215.132 42.2213
215.572 48.1241
215.921 53.9878
216.198 60.1402
208.878 78.1823
213.026 78.4071
217.501 78.3357
222.208 77.468
226.934 76.3166
183.905 57.0002
189.101 51.5231
196.284 50.2084
203.544 53.6017
197.316 56.3212
190.107 57.7845
229.143 50.7165
235.956 45.9137
243.51 46.1837
249.462 50.6481
243.678 52.5888
236.043 52.4106
201.722 107.136
205.712 94.4683
212.866 87.9858
218.155 88.9369
223.77 87.0577
232.198 91.9092
237.435 104.135
233.357 114.467
225.867 120.092
219.739 121.319
213.786 121.123
206.328 116.671
204.484 106.088
213.571 95.6921
218.795 95.3113
224.362 94.7686
234.265 103.413
224.724 111.161
218.923 112.467
213.484 112.268
