182.644 65.6411
182.746 79.5002
183.093 92.5734
184.06 105.729
187.214 118.76
194.297 129.595
203.905 139.077
215.945 146.682
229.928 150.029
243.907 148.938
256.098 142.53
266.491 133.797
274.672 123.941
279.757 112.397
282.759 99.9296
285.175 87.6847
287.694 73.8334
191.288 57.4297
197.888 48.8622
208.75 44.687
220.603 44.4194
231.511 48.2557
251.533 49.5876
261.48 47.0614
271.982 48.4383
280.867 54.39
283.76 64.6383
240.677 63.7796
240.067 74.0394
239.398 83.9595
238.602 94.1124
223.408 97.8126
230.04 100.511
236.768 103.355
243.207 102.177
249.572 100.577
203.568 64.0672
210.68 60.4608
217.958 61.3448
224.552 67.3813
217.294 67.3561
209.818 66.6767
252.506 70.0234
260.059 65.2802
267.244 65.5092
272.826 70.6523
267.072 71.8093
259.666 71.4247
208.752 108.152
219.534 108.122
228.975 108.96
235.055 110.975
241.485 110.1
249.403 111.078
258.647 112.634
248.012 118.125
239.749 119.921
233.009 120.037
226.567 118.828
217.623 115.274
212.205 109.18
228.392 112.366
234.736 113.785
241.145 113.54
254.957 113.292
240.267 114.978
233.788 115.352
227.436 113.939
