167.128 75.8093
169.489 87.8716
173.814 100.095
179.138 111.999
185.694 122.574
193.731 132.03
202.753 139.793
212.773 143.393
224.472 143.859
235.82 140.159
244.755 133.859
252.951 124.336
259.491 113.89
264.32 102.724
267.245 90.1368
268.212 77.5121
268.572 64.8688
171.663 44.782
173.559 33.4417
181.382 24.6858
191.683 21.2375
201.524 23.0453
220.186 20.0677
229.654 15.8666
240.59 17.5274
250.005 24.2196
254.874 34.0533
211.94 38.9754
212.467 43.5384
212.768 47.8445
213.183 52.543
207.659 72.9423
211.56 72.2204
215.559 71.243
219.948 70.8981
224.179 70.3961
181.496 55.2062
186.632 48.6772
193.816 46.9012
201.368 50.8593
195.3 54.0057
187.842 55.8163
225.946 47.374
232.368 41.8382
240.011 41.9036
246.646 47.0057
240.634 48.9312
232.865 49.0256
201.85 105.267
204.96 89.7817
212.396 81.8379
216.954 82.2565
221.722 80.7623
230.965 86.8814
235.837 101.404
232.849 113.589
224.798 119.972
219.698 120.916
214.589 121.207
206.499 115.848
204.482 103.927
213.337 89.8407
217.733 88.837
222.42 88.5055
232.961 100.554
223.45 112.153
218.558 113.133
213.914 113.102
