165.924 71.6371
167.839 84.6766
171.871 97.6845
177.616 110.498
184.627 122.15
193.209 132.664
202.142 142.054
212.162 148.084
224.289 149.802
236.441 145.522
245.699 137.138
253.704 126.178
260.292 114.267
264.897 101.817
267.499 88.158
268.496 75.3606
267.791 62.6184
171.421 45.8153
173.81 34.0917
182.098 25.4002
192.915 22.2504
203.131 24.8484
220.455 22.6848
229.871 17.8617
240.754 18.3352
250.19 24.6424
255.229 35.0118
213.116 39.092
213.619 44.0616
214.039 48.927
214.472 54.3235
208.517 74.35
212.531 73.5394
216.578 72.7297
220.651 72.125
224.782 71.7446
182.054 54.6376
187.446 49.305
194.376 47.6678
202.252 50.6665
195.59 53.2241
188.46 54.8044
226.031 47.2601
232.656 42.7564
240.05 42.9782
246.608 46.8436
240.454 48.619
232.956 48.5144
201.568 104.57
204.877 90.1792
213.065 82.4435
218.285 83.211
223.303 81.6287
232.433 87.5509
237.404 101.167
234.115 115.114
226.22 122.649
220.477 123.812
214.705 123.645
206.434 117.254
204.03 103.756
213.995 89.4885
218.964 88.9182
224.044 88.513
234.494 100.518
225.004 114.929
219.492 116.342
214.176 115.691
