175.316 68.4717
177.619 81.6063
180.744 93.5733
183.507 105.871
186.54 118.45
192.869 129.238
202.275 137.713
213.934 143.24
227.904 144.602
241.888 142.446
253.266 136.488
262.848 127.768
269.523 116.896
272.794 104.824
274.942 92.2609
276.931 80.2639
278.488 66.7436
181.114 57.1662
186.188 47.3041
196.323 42.2689
207.909 40.1642
218.851 41.6905
233.63 41.2279
244.069 39.2327
255.223 41.5007
264.882 46.3721
269.954 55.4484
227.152 57.5286
227.48 66.5787
227.763 75.3851
228.054 84.5213
217.326 93.6543
222.442 95.482
227.826 96.734
233.188 95.5668
238.195 93.653
192.325 63.705
198.486 58.572
206.411 58.3066
213.77 63.6098
206.718 65.779
198.598 66.5407
239.612 63.17
246.762 57.5689
254.518 57.7498
260.497 62.7091
254.901 65.3459
246.991 65.1762
211.683 114.342
217.434 108.805
223.201 106.328
228.131 107.959
233.647 106.345
240.146 109.049
246.676 114.446
240.204 117.103
233.822 117.901
228.04 118.307
222.811 117.677
217.07 116.627
214.92 113.238
223.264 110.889
228.218 111.548
233.873 110.906
243.151 113.329
233.622 111.63
228.018 112.169
223 111.389
