182.4 66.7711
182.854 80.0439
184.245 92.7719
186.063 105.527
188.87 118.531
195.373 130.141
204.509 139.495
216.259 146.651
230.135 149.527
244.031 147.933
255.732 141.634
265.39 133.474
272.567 123.718
277.152 112.184
280.68 100.182
283.756 87.9026
286.663 74.2799
190.373 56.5178
196.336 47.5341
206.954 43.1592
218.858 42.6557
229.737 46.6088
249.176 47.4936
259.263 44.6032
269.993 45.8949
279.116 51.5167
282.196 62.0763
238.446 62.5041
238.036 72.0404
237.645 81.321
237.109 90.6893
224.48 98.7892
229.98 100.92
235.7 102.666
241.268 101.775
246.618 100.063
202.438 65.3287
209.056 60.3892
216.916 60.7724
223.791 67.1991
216.466 68.4022
208.352 68.3131
250.264 68.849
257.749 63.3726
265.561 63.6532
271.396 69.0069
265.534 71.354
257.479 70.9451
212.875 115.385
221.142 112.492
228.565 111.47
233.687 113.381
239.072 112.152
245.64 114.34
252.549 118.041
244.732 121.549
238.13 122.231
232.48 122.224
226.984 121.343
219.732 119.043
216.381 115.375
228.147 115.605
233.49 116.754
238.923 116.299
249.029 117.882
238.501 116.164
233.048 116.601
227.698 115.4
