172.256 69.6791
174.019 82.3905
176.771 94.5799
180.086 106.916
183.783 119.133
190.292 130.187
199.39 138.743
210.883 144.508
224.535 146.016
238.274 143.501
249.132 137.039
258.792 128.902
266.14 118.622
270.102 106.49
272.503 93.8672
274.67 81.6828
276.235 68.6453
178.783 53.9915
182.846 43.6722
191.86 37.2843
202.878 35.5716
213.529 37.6859
235.174 37.0868
244.793 34.0743
255.402 35.2576
264.613 41.2504
268.616 51.508
224.727 56.5171
224.872 65.9885
225.137 74.9964
225.368 84.1322
214.66 94.6097
219.932 96.0923
225.33 97.3241
230.768 95.9829
236.023 94.0282
190.562 64.8644
196.541 59.5772
204.411 59.4128
211.697 64.3636
204.581 67.1005
196.454 67.7307
237.874 63.2803
245.108 57.9822
252.847 57.9498
258.532 62.7827
253.142 65.7742
245.224 65.6714
205.292 114.314
213.063 109.691
219.929 107.413
224.972 108.943
230.342 107.14
236.996 108.87
244.619 113.205
237.044 116.798
230.502 118.115
224.745 118.847
219.477 118.77
212.559 117.676
208.616 113.899
219.908 111.884
225.086 112.478
230.586 111.58
241.118 112.814
230.332 112.256
224.783 113.295
219.681 112.938
