173.904 72.2875
176.281 85.5932
179.724 98.1336
183.31 110.975
186.958 123.553
193.219 134.719
202.402 142.914
214.166 147.706
227.326 149.011
240.873 146.94
252.306 141.24
261.92 132.976
268.75 122.482
272.51 110.208
274.799 97.1019
276.542 84.3231
278.438 70.5541
179.112 59.0476
183.966 49.1434
194.089 43.8889
205.902 42.3816
217.135 44.8397
233.786 44.0441
244.187 41.2886
255.696 42.1445
265.872 47.1997
270.33 57.3133
225.719 60.2223
225.853 69.5931
225.999 78.7264
226.162 87.9747
215.661 98.3468
220.714 99.7564
226.249 100.663
231.675 99.3882
236.905 97.5
191.6 67.1398
197.676 61.9129
205.462 61.7981
212.731 67.187
205.523 69.4188
197.507 70.0087
238.853 66.1743
246.227 60.4861
253.9 60.2989
259.749 65.2047
254.045 68.115
246.28 67.9607
210.41 121.218
215.84 113.68
221.514 110.462
226.509 111.682
231.639 109.807
237.756 112.109
243.412 117.827
238.115 120.713
232.351 121.993
227.031 122.846
222.06 122.948
216.148 122.694
213.304 120.05
221.672 115.499
226.675 115.672
231.966 114.731
240.145 117.205
232.083 115.495
226.819 116.648
221.924 116.453
