173.13 78.8273
175.761 92.8989
179.267 106.559
183.087 120.131
187.633 133.5
195.38 145.159
205.666 154.307
218.331 160.82
232.078 162.124
246.652 159.158
259.399 151.672
270.38 142.407
278.127 131.137
282.163 118.202
284.015 104.476
285.418 91.0766
286.98 76.6264
179.16 65.172
184.824 55.4158
195.463 51.0466
207.246 50.3523
218.455 52.6951
235.511 51.3087
246.452 49.1391
257.761 50.1939
267.827 54.9714
273.327 64.0837
227.828 72.3327
228.109 83.7577
228.346 94.6327
228.679 105.656
216.797 112.798
222.578 115.139
228.657 116.838
234.417 114.734
239.755 112.175
192.34 76.6117
198.325 71.1578
206.561 71.6612
213.602 77.9495
206.341 80.0951
197.952 80.2362
241.022 77.24
247.795 70.528
256.279 70.1692
262.681 75.1886
257.007 78.6003
248.615 79.1016
209.294 129.612
217.062 126.632
223.326 125.36
228.309 126.566
233.766 124.831
240.737 125.758
248.849 127.974
241.583 133.485
235.053 135.3
229.462 136.064
224.186 135.936
217.405 134.576
212.667 129.676
223.626 129.373
228.603 129.786
234.246 128.764
245.186 128.493
234.456 129.718
228.901 130.647
223.802 130.365
