173.184 68.6397
174.827 80.9713
177.436 92.8912
180.18 105.045
183.482 117.221
189.727 128.448
198.658 137.545
210.223 143.718
223.791 145.779
237.602 144.054
249.081 137.876
259.007 129.805
266.117 119.547
269.92 107.529
272.349 95.0096
274.364 83.0614
276.349 69.9048
179.908 55.5731
184.77 45.9766
194.66 40.4195
206.39 38.5897
217.278 41.619
235.338 41.1563
245.55 38.0245
256.488 39.055
265.93 44.5347
269.715 54.7041
226.453 56.907
226.442 65.6273
226.434 74.1577
226.342 82.9543
214.855 93.5541
220.193 95.1643
225.706 96.4026
231.136 95.4662
236.292 93.8075
191.824 64.2989
198.008 59.3397
205.441 59.1787
212.581 63.9599
205.632 66.1901
197.909 66.8451
238.784 63.6476
246.181 58.6261
253.696 58.7963
259.381 63.6506
253.665 66.1421
246.066 65.7849
205.349 112.669
213.093 108.363
219.821 106.631
224.849 108.324
230.161 106.678
236.471 108.723
243.84 113.042
236.399 116.41
230.025 117.17
224.443 117.531
219.166 117.053
212.504 115.454
208.713 112.38
219.642 110.928
224.815 111.745
230.249 111.015
240.417 112.752
230.055 111.783
224.598 112.395
219.476 111.546
