172.985 73.6504
175.123 88.2634
178.817 101.987
182.949 115.344
187.493 128.506
195.091 140.393
204.114 149.854
215.218 156.757
228.391 158.294
242.479 155.501
254.571 147.67
265.833 138.494
274.371 127.467
279.471 114.608
281.916 100.512
283.545 86.4929
285.081 71.4872
178.378 63.5221
183.65 54.0233
193.721 49.54
204.903 49.2481
215.347 52.2712
235.54 50.9278
245.951 47.8286
256.718 48.6337
266.524 53.3294
271.808 62.3051
226.438 70.8684
226.57 82.2179
226.655 93.0173
226.763 103.78
215.553 110.904
221.162 113.274
227.11 114.967
232.903 113.109
238.142 110.761
191.338 74.0781
197.459 68.3903
205.757 68.9872
213.102 75.9084
205.538 77.9044
197.03 77.9786
238.918 75.292
245.984 67.7908
254.519 67.4403
261.071 72.6918
255.344 76.689
246.743 77.1651
208.377 128.14
216.097 125.026
222.259 123.456
226.69 124.876
231.902 123.157
238.906 124.241
246.748 126.598
239.218 131.746
232.428 134.187
227.139 134.77
222.31 134.416
215.888 132.599
211.727 128.032
222.403 127.906
226.968 128.519
232.305 127.554
243.509 126.856
232.053 128.132
226.821 129.09
222.177 128.547
