163.366 74.5972
166.606 84.7528
170.283 94.349
174.242 103.962
178.543 113.753
185.031 122.155
194.738 127.193
206.585 128.892
219.924 127.914
233.45 125.386
244.655 121.133
254.568 114.725
261.292 105.957
264.175 95.2902
265.758 83.9204
266.348 72.6208
266.467 60.5189
167.009 51.1623
169.21 40.554
176.41 32.8105
186.628 28.6173
197.024 29.4008
214.251 26.4849
223.886 22.6818
235.14 23.9094
244.822 29.3701
251.122 38.2054
207.481 44.7596
208.127 50.712
208.611 56.4652
209.146 62.5178
202.206 79.1615
206.785 79.0221
211.604 78.5761
216.681 77.6389
221.609 76.1732
177.664 61.0319
182.078 55.5866
189.005 53.8648
196.777 56.2005
190.505 59.7492
183.353 61.7619
222.118 51.5231
228.415 46.7701
235.819 46.5632
242.697 50.057
236.599 52.5276
229.111 52.9741
196.805 102.262
202.539 94.4216
208.193 89.5799
212.956 89.8854
217.464 87.6304
224.692 89.8917
233.031 95.2868
226.447 98.176
220.307 100.115
215.408 101.53
210.642 102.073
204.368 102.856
199.828 100.89
209.166 95.4756
213.88 94.712
218.585 93.5865
229.163 95.0486
218.877 94.2371
214.123 95.586
209.499 96.0773
