173.612 68.206
175.749 82.8848
179.053 97.5866
183.248 112.125
188.594 126.178
195.477 139.456
203.872 151.492
214.123 159.296
227.661 161.687
241.726 158.192
252.502 148.836
262.225 136.594
269.818 123.93
274.548 109.992
276.857 95.0159
278.117 80.4662
279.217 65.1332
179.177 57.532
184.299 48.3134
194.073 42.7659
206.014 40.9874
217.265 43.3312
232.824 42.6248
242.694 39.016
253.592 39.4898
263.912 43.376
269.959 51.6668
225.302 55.2579
225.511 62.891
225.686 70.7932
225.793 79.2055
215.808 89.9072
220.994 91.5576
226.582 92.9372
232.421 91.2789
237.594 89.0837
191.04 62.8933
197.121 58.4317
204.438 57.9508
211.465 61.5375
204.55 63.2882
197.171 63.9292
240.007 60.0374
246.642 55.9405
254.018 55.7025
260.186 59.4422
254.309 61.4416
246.923 61.3566
207.535 117.569
212.615 107.431
220.678 102.999
226.346 104.428
231.942 102.791
239.66 106.787
245.349 116.401
239.794 128.217
232.505 133.432
226.416 134.22
220.291 133.909
212.473 129.354
210.006 116.524
220.93 108.191
226.615 108.218
232.244 107.902
242.096 115.873
232.061 125.74
226.182 126.994
220.402 126.471
