164.986 76.0045
167.467 87.2676
171.223 98.0118
176.121 108.63
181.425 118.775
187.938 128.382
196.137 136.055
206.709 140.617
219.129 141.215
232.319 137.921
242.934 131.698
252.316 122.968
259.268 113.059
263.242 102.008
265.622 89.8118
266.219 77.6472
266.5 65.0997
169.669 48.3675
171.205 37.5435
178.382 29.5238
188.505 25.4352
198.397 26.869
215.983 23.708
225.732 19.2162
237.14 20.7963
246.576 27.0938
251.528 37.1414
208.435 40.5463
208.908 46.0368
209.171 51.3509
209.494 56.9789
203.325 75.5098
207.612 75.2107
211.95 74.828
216.795 74.037
221.512 72.8013
178.867 57.8056
183.524 51.9927
190.576 50.1809
198.252 52.8543
192.001 55.9736
184.825 57.9725
222.877 48.7437
229.342 44.0008
236.876 44.1647
243.242 48.4052
237.21 50.3529
229.644 50.2586
197.639 104.318
201.049 90.9682
207.815 84.0252
213.031 84.806
218.326 82.7101
226.99 87.4806
233.282 99.5141
228.979 108.987
221.371 113.946
215.499 115.315
209.751 115.338
202.507 112.021
200.714 103.166
208.773 91.3705
213.799 90.5751
219.191 90.0597
229.83 98.9193
220.01 105.087
214.401 106.403
209.138 106.579
