174.223 67.5104
175.091 80.3517
176.746 92.2616
179.195 104.531
182.554 116.896
189.456 127.957
198.897 136.975
211.174 143.31
225.758 144.961
240.394 142.896
252.349 136.275
262.039 127.54
269.523 116.779
273.117 104.851
275.132 92.0806
276.416 79.9436
277.062 66.9441
178.829 57.6943
184.027 47.8611
194.31 41.9974
206.262 40.0505
217.54 43.2359
235.157 42.6107
245.717 39.2103
257.181 40.2363
267.259 45.4409
272.127 55.6553
226.32 57.8533
226.379 67.3277
226.337 76.4517
226.316 85.9269
212.79 93.5721
219.217 95.403
225.801 97.1771
232.479 95.6156
239.066 93.8015
190.709 63.9341
197.096 59.7047
204.426 59.6605
212.113 64.3057
204.513 65.3373
196.967 65.4917
239.573 63.9437
247.259 59.0259
254.644 58.7959
261.188 63.0379
254.86 64.8381
247.146 64.8542
200.79 106.852
210.767 104.996
219.107 104.257
225.635 105.925
232.042 104.297
240.72 105.194
251.053 106.833
240.524 111.136
232.042 112.807
225.337 113.42
218.716 112.846
210.698 111.19
204.426 107.292
218.921 108.697
225.575 109.454
232.089 108.62
247.632 107.231
232.035 107.609
225.527 108.366
218.936 107.623
