179.479 66.6909
181.037 79.6068
183.365 91.7071
186.076 103.731
189.292 116.049
195.742 126.888
204.991 135.361
216.336 141.274
230.173 143.188
243.768 141.214
254.476 135.181
263.492 127.414
270.408 117.652
274.25 106.057
276.959 93.7426
279.394 81.8236
281.701 68.9844
186.248 54.8519
191.75 44.8625
202.119 39.1527
214.22 37.4038
225.239 40.6197
241.395 40.4314
251.771 37.5183
262.977 38.9469
272.621 44.3516
276.774 54.62
233.379 55.2147
233.4 64.3604
233.416 73.1344
233.358 82.1499
221.352 92.2133
226.914 93.856
232.506 95.067
238.016 94.1811
243.219 92.6178
198.181 62.0241
204.669 56.9725
212.214 56.9687
219.098 62.0867
212.267 63.958
204.477 64.3998
245.79 62.0954
253.172 57.1021
260.551 57.2788
266.16 62.3895
260.58 64.5193
252.933 64.1091
211.244 110.467
219.242 106.19
226.213 104.239
231.451 105.907
237.081 104.48
243.826 106.691
250.786 110.991
243.435 114.578
236.698 115.695
230.816 116.178
225.319 115.696
218.544 113.867
214.636 110.19
226.019 108.688
231.371 109.408
237.131 108.823
247.319 110.702
236.782 109.561
231.045 110.297
225.701 109.608
