174.114 70.6123
176.145 85.7725
179.545 100.762
183.823 115.257
189.367 129.76
196.709 143.583
205.52 155.96
216.637 163.435
230.33 165.575
243.891 161.261
254.402 151.236
263.186 138.341
270.277 124.764
274.743 110.391
276.826 95.6295
278.142 80.7883
279.103 65.7865
179.55 56.0486
184.444 46.3372
194.476 40.7772
206.295 39.0303
217.521 41.4651
234.025 40.6775
244.075 37.5453
254.899 38.3218
264.723 42.6278
270.228 51.4799
226.288 55.4181
226.558 63.4894
226.952 71.5392
227.3 80.0545
217.266 91.8922
222.121 93.4684
227.371 94.7032
232.636 92.9843
237.384 90.8699
191.767 63.2539
197.477 57.841
205.405 57.2937
212.466 62.0224
205.56 64.2539
197.669 65.0337
239.542 60.5677
246.098 55.6703
253.952 55.7213
259.89 60.3534
254.347 62.6659
246.549 62.489
208.369 121.009
213.155 110.966
221.449 106.316
226.977 107.65
232.73 105.729
240.714 109.404
245.083 119.722
240.867 130.864
233.54 136.527
227.454 137.621
221.449 137.485
213.207 133.1
210.862 120.592
221.818 112.993
227.295 112.726
233.039 112.169
241.7 119.38
232.946 128.189
227.091 129.443
221.551 129.028
