173.481 77.6527
176.077 91.4726
180.141 104.782
184.068 117.856
188.016 131.251
194.867 143.326
203.957 153.152
216.332 160.087
230.569 161.644
245.108 158.96
257.303 151.232
267.528 141.358
274.846 129.841
279.252 117.326
281.578 103.603
283.143 90.2663
284.635 75.9413
178.978 65.9617
184.577 56.3692
195.185 52.1599
206.943 51.524
218.418 53.8579
235.493 52.578
246.304 50.18
257.352 51.2442
267.426 55.7798
272.868 64.8805
227.713 72.6822
228.102 84.2976
228.522 95.4203
229.014 106.526
216.816 113.546
222.647 115.919
228.603 117.489
234.416 115.578
239.602 113.145
191.795 76.7847
198.013 71.3856
206.343 72.0265
213.515 78.3233
206.079 80.5446
197.609 80.6553
240.538 77.7377
247.431 71.0377
255.809 70.6147
262.123 75.6254
256.641 79.4501
248.272 79.8782
208.888 130.655
217.326 127.564
223.675 126.233
228.18 127.37
233.586 125.736
240.46 126.654
248.245 128.948
240.916 134.068
234.412 135.906
228.91 136.697
224.031 136.588
217.356 135.453
212.359 130.733
223.822 130.379
228.454 130.785
233.937 129.878
244.7 129.408
233.941 130.518
228.471 131.374
223.717 131.005
