170.675 70.9334
172.647 83.3317
175.977 95.1158
179.516 106.942
183.041 119.016
189.715 129.8
198.999 137.926
210.757 142.952
224.248 143.597
237.808 141.508
248.972 135.71
258.991 127.765
266.299 117.449
269.785 105.443
271.878 92.601
273.454 80.2351
274.502 67.3062
175.886 55.6516
179.921 45.2047
189.327 38.604
200.814 36.8737
212.097 39.2037
230.147 38.1031
240.21 34.167
251.375 34.2488
261.296 39.8718
265.818 50.1523
221.598 55.258
221.882 63.9977
222.152 72.5142
222.33 81.1471
211.93 92.0583
217.145 93.5388
222.551 94.5734
228.105 93.3378
233.374 91.3986
188.16 64.5742
193.97 59.7571
201.361 59.2584
208.606 63.4593
201.671 66.0627
194.08 66.8731
235.276 61.7878
242.394 56.8091
249.899 56.681
255.713 61.0207
250.113 63.8281
242.501 63.8147
203.588 112.011
210.596 106.871
217.215 104.228
222.228 105.561
227.485 103.778
234.464 105.999
242.369 110.427
234.87 114.009
228.164 115.205
222.611 115.963
217.454 115.831
210.808 114.723
206.843 111.555
217.387 108.959
222.471 109.297
227.865 108.547
238.778 110.284
227.758 109.073
222.392 109.977
217.412 109.652
