170.41 70.8079
172.759 83.5939
176.101 96.0951
179.668 108.41
183.718 120.439
190.227 131.288
199.179 139.24
210.333 143.667
223.767 144.482
237.232 142.016
248.354 136.388
258.298 128.618
265.706 118.458
269.261 106.711
271.633 93.9805
273.454 81.6895
275.183 68.4488
175.85 54.8563
179.938 44.7382
189.229 38.6601
200.562 36.844
211.561 39.3442
230.449 37.6368
240.607 33.8391
251.773 34.2892
261.647 39.8425
266.171 50.0506
221.8 55.1043
222.004 63.7903
222.2 72.3952
222.27 81.1738
212.434 92.3855
217.286 93.6114
222.432 94.5894
227.719 93.5418
232.811 91.8644
188.293 64.5611
194.043 59.6475
201.343 59.0999
208.362 63.264
201.83 65.8704
194.253 66.7388
235.685 61.7122
242.598 56.8348
249.919 56.836
255.69 61.394
250.104 63.9673
242.578 63.8077
204.407 111.945
211.228 107.184
217.623 104.703
222.256 105.978
227.418 104.347
233.938 106.586
242.086 110.812
234.379 114.337
227.812 115.461
222.543 116.018
217.879 115.81
211.395 115
207.669 111.502
217.85 109.21
222.511 109.573
227.73 109.01
238.43 110.758
227.524 109.335
222.373 110.032
217.829 109.694
