164.621 73.9023
167.569 83.7809
171.064 93.5655
175.113 103.303
179.477 112.885
186.103 121.183
195.726 126.143
207.262 128.086
220.388 127.279
234.059 124.467
245.033 120.2
255.124 113.772
262.447 105.164
265.763 94.5454
267.039 83.1864
267.194 71.7714
266.921 59.9054
168.456 51.0616
170.134 39.2236
177.958 30.695
188.739 26.419
199.468 27.5982
214.241 24.6884
224.547 20.5218
236.427 22.0953
246.572 28.2073
252.065 38.5223
208.715 42.5117
209.416 48.0027
209.96 53.2405
210.568 58.9863
203.267 76.4143
207.931 76.1199
212.752 75.5753
217.969 74.723
223.154 73.4756
179.011 58.7925
183.586 53.3261
190.372 51.5234
198.098 54.1035
192.063 57.2383
185.001 59.2164
223.059 49.5625
229.634 44.754
236.835 44.7904
243.405 48.5252
237.317 50.6133
229.975 50.8503
197.639 99.9935
203.293 91.5037
209.177 86.4797
213.993 86.9097
218.834 84.7272
226.478 87.3281
234.998 93.612
227.952 96.1246
221.245 98.0196
215.96 99.2114
211.033 99.5949
204.917 99.8895
200.421 98.1928
210.044 92.3398
214.756 91.9116
219.795 90.653
231.312 92.7402
219.995 92.4002
214.847 93.7058
210.162 94.0795
