170.534 70.5038
172.695 83.1184
176.045 95.2477
179.579 107.308
183.192 119.392
189.71 130.224
198.66 138.315
210.341 143.306
224.006 144.025
237.807 141.533
249.196 135.434
259.574 127.649
266.983 117.704
270.297 105.645
272.092 92.7408
273.509 80.4956
274.876 67.4217
175.603 55.2264
179.685 45.0872
189.145 38.5787
200.562 36.7118
211.455 39.12
230.37 37.5876
240.4 33.8684
251.427 34.3686
261.266 39.916
265.696 49.9978
221.581 55.1081
221.886 63.7127
222.176 72.2122
222.357 80.8302
212.088 92.576
217.223 93.6678
222.439 94.4694
227.925 93.4302
233.18 91.7373
188.102 64.7267
193.819 59.7286
201.153 59.2199
208.324 63.503
201.684 66.0593
194.079 66.9395
235.134 61.9465
242.009 56.7899
249.592 56.7076
255.524 61.2063
249.946 63.8023
242.267 63.7989
203.653 112.447
210.653 107.221
217.098 104.449
221.959 105.883
227.39 104.108
234.096 106.61
241.838 111.026
234.581 114.481
228.088 115.798
222.36 116.47
217.288 116.23
210.768 115.129
206.979 111.859
217.268 109.332
222.203 109.835
227.77 109.062
238.104 110.823
227.695 109.57
222.108 110.441
217.227 110.013
