164.814 76.5391
168.556 89.1364
172.91 100.718
177.343 112.586
182.408 124.21
189.742 134.396
200.001 142.008
212.582 146.612
226.729 146.591
240.545 143.242
252.176 135.794
262.104 126.919
269.073 115.451
271.472 102.194
271.462 88.6248
271.185 75.6915
270.96 61.4205
168.698 63.629
171.354 52.3571
180.032 44.72
191.262 41.5653
202.865 41.8378
220.59 38.9724
230.889 35.3485
242.216 35.3266
252.943 39.8534
259.043 49.0048
213.852 58.0008
215.042 66.9804
216.21 75.5955
217.396 84.5614
208.081 96.8018
213.572 97.3858
219.17 97.7164
224.662 95.9567
230.184 94.1306
181.822 69.8896
186.819 64.6965
194.024 63.5196
201.57 67.4569
194.91 70.4074
187.46 71.6633
228.708 62.8714
235.017 56.9118
242.63 56.1256
249.205 59.7621
243.741 63.1263
235.916 63.8961
202.145 116.427
208.997 111.242
214.97 108.153
220.245 109.095
225.46 106.594
232.93 107.584
241.579 110.724
234.55 114.715
227.791 116.916
222.188 118.341
216.939 118.595
210.346 118.78
205.196 115.558
215.898 112.674
221.083 112.575
226.546 111.154
237.737 110.779
226.575 111.757
221.129 113.394
215.985 113.483
