162.432 80.0503
167.675 92.4462
173.165 103.588
178.056 115.29
183.596 126.866
192.171 136.171
203.641 143.115
216.634 147.135
230.876 146.641
244.154 142.912
255.653 135.846
264.539 126.066
270.316 114.424
271.397 100.754
270.386 86.7975
269.013 73.026
268.129 58.1163
166.58 66.2305
169.097 55.5059
177.353 49.0517
187.749 45.6991
198.754 45.6487
214.468 41.4441
224.982 37.3432
236.284 36.8261
247.156 40.2285
254.335 48.3497
210.043 61.1587
211.828 70.199
213.54 78.823
215.404 87.8424
207.218 99.32
212.663 99.8564
218.305 99.9612
223.483 97.7132
228.357 95.5373
179.1 74.0974
183.547 68.6178
190.672 66.9723
198.495 70.4145
192.136 74.0058
184.811 75.7173
225.157 64.1417
230.807 57.9084
238.505 56.7691
245.27 59.8163
240.308 63.6698
232.474 64.872
205.046 119.865
210.469 114.165
215.319 110.648
220.272 111.259
224.893 108.631
232.294 109.628
240.549 112.25
234.756 116.927
228.503 119.532
223.359 121.047
218.219 121.512
212.519 121.923
207.996 118.655
216.537 115.757
221.435 115.356
226.34 113.826
236.793 112.449
226.592 114.117
221.653 115.728
216.668 116.086
