183.418 65.1549
183.473 78.7911
183.784 91.5415
184.52 104.648
187.113 117.695
194.105 128.694
203.786 138.594
215.798 146.416
229.81 150.069
244.078 148.966
256.305 142.693
266.8 133.811
274.862 123.786
279.884 112.343
282.788 100.017
285.272 87.888
287.898 74.5447
191.616 57.9357
198.263 48.8357
209.39 44.685
221.46 44.298
232.509 48.436
252.004 49.8029
261.951 47.339
272.562 48.7223
281.607 54.5712
284.561 65.1857
241.331 63.7844
240.786 74.2552
240.125 84.4331
239.331 94.8151
224.166 98.1426
230.715 100.865
237.25 103.732
243.722 102.629
250.091 100.998
204.173 64.0352
211.243 60.3708
218.559 61.2849
225.357 67.3826
217.975 67.4078
210.407 66.6517
252.957 70.3459
260.535 65.5802
267.813 65.8257
273.564 70.9598
267.629 72.2449
260.117 71.8117
208.682 108.166
219.525 108.312
229.164 109.143
235.418 111.144
241.924 110.309
249.998 111.36
259.138 112.602
248.573 118.541
240.252 120.62
233.381 120.794
226.804 119.489
217.639 115.684
212.119 109.22
228.576 112.362
235.08 113.901
241.602 113.595
255.507 113.329
240.802 115.389
234.173 115.788
227.623 114.332
