172.988 67.3497
174.603 81.2264
177.251 94.3793
181.137 107.24
185.558 119.616
191.965 131.192
200.448 140.343
211.433 146.394
225.12 148.316
239.055 145.699
250.802 139.022
260.52 130.299
267.981 119.5
272.308 106.81
275.059 93.3376
277.381 80.0372
279.123 66.2456
179.401 52.1368
183.898 42.2502
193.18 37.1622
204.021 36.6051
213.683 39.8694
235.579 38.8338
245.303 35.3597
255.648 35.705
265.015 40.6018
269.467 50.1649
224.945 58.529
225.048 68.0834
225.121 77.3517
225.191 86.7704
214.974 96.949
219.954 98.6727
225.154 99.8089
230.808 98.5115
236.056 96.5489
190.588 65.1045
196.721 59.025
205.166 59.0389
212.619 65.4916
205.518 68.4409
196.653 68.9714
237.991 64.5269
245.019 57.6537
253.352 57.5394
259.387 63.0315
254.187 66.8202
245.702 67.0966
209.486 117.69
216.212 112.121
221.899 109.37
225.776 110.793
230.652 109.021
237.232 111.504
244.79 116.113
237.427 120.318
231.114 122.194
225.905 122.911
221.614 122.793
216.055 121.483
213.065 117.075
221.97 115.105
225.937 115.384
230.907 114.664
241.08 115.782
230.703 115.008
225.8 115.991
221.775 115.523
