173.251 70.3963
175.778 82.9177
179.008 94.1175
182.066 106.068
185.209 118.435
192.042 129.19
201.58 137.377
213.323 142.847
227.161 144.063
241.082 141.995
252.392 136.105
261.746 128.086
268.652 118.327
271.978 106.364
273.965 93.6912
275.728 81.6197
277.455 68.3473
179.819 57.0884
184.99 47.5492
194.994 42.7059
206.515 40.3688
217.902 41.5208
232.364 41.0794
242.875 39.2146
254.176 41.895
263.737 46.8181
269.125 55.7175
226.144 57.4096
226.5 66.1664
226.847 74.6412
227.142 83.382
216.069 94.1012
221.474 95.5323
226.979 96.6396
232.339 95.3037
237.557 93.4575
191.707 64.3183
197.642 59.0535
205.472 58.616
212.654 64.0472
205.586 66.4179
197.703 67.0698
238.746 63.2315
245.82 57.6095
253.492 57.6322
259.518 62.698
253.846 65.3235
246.081 65.1725
207.52 114.197
214.705 108.943
221.393 106.656
226.776 108.18
232.366 106.382
239.131 108.366
246.082 113.175
239.467 115.634
232.967 116.559
227.05 117.057
221.465 116.743
214.631 115.959
210.9 113.374
221.603 111.252
227.091 111.776
232.746 110.979
242.525 112.449
232.595 111.05
226.901 111.772
221.371 111.231
