173.971 69.648
176.345 81.9155
179.425 93.1379
182.381 105.192
185.539 117.455
191.782 128.388
200.464 137.414
212.242 143.591
226.618 145.134
240.982 142.802
251.808 136.042
260.813 127.184
267.41 116.671
270.667 104.6
272.843 92.051
274.942 79.9246
276.648 66.4577
179.54 57.2379
184.642 47.4065
194.813 42.6018
206.397 40.3466
218.065 41.4524
231.955 40.9289
242.898 39.0728
254.243 41.0682
264.307 45.5098
269.822 54.434
225.807 57.4282
226.054 66.325
226.253 74.8801
226.471 83.7438
215.265 93.2601
220.75 95.0216
226.449 96.4307
232.087 94.9909
237.556 93.0159
191.457 64.0473
197.396 58.6116
205.499 58.3151
212.666 63.7891
205.663 66.4897
197.446 67.1091
238.702 63.0046
245.871 57.1584
253.77 57.1506
259.562 62.2137
254.184 65.3549
246.115 65.2544
209.03 113.881
215.303 108.891
221.513 106.646
226.516 108.33
231.821 106.465
238.525 108.623
245.158 113.676
238.855 116.813
232.404 118.096
226.826 118.63
221.614 118.265
215.194 116.858
212.271 113.096
221.65 111.507
226.712 112.147
232.131 111.334
241.725 112.893
232.078 112.023
226.698 112.843
221.641 112.071
