179.706 66.1349
181.103 78.629
183.397 90.3477
185.825 102.144
188.883 114.185
195.34 124.771
204.658 133.379
216.252 139.686
229.929 141.826
243.593 140.202
255.03 134.138
264.43 126.202
271.533 116.041
275.151 104.117
277.635 91.6399
280.155 79.9831
282.135 67.3707
186.781 53.637
192.222 44.0272
202.399 38.5589
214.187 37.038
225.063 40.0179
242.166 40.0005
252.289 37.0902
263.366 38.5362
272.755 44.0386
276.867 54.2842
233.685 55.2123
233.58 64.1789
233.495 72.6926
233.343 81.5838
221.352 91.0796
226.858 92.8151
232.355 94.1683
237.96 93.096
243.206 91.5311
198.49 61.4586
204.792 56.8568
212.169 56.8357
219.194 61.7311
212.078 63.3091
204.482 63.6683
246.236 61.8906
253.68 57.2211
261.027 57.3947
266.569 62.1526
260.974 64.1968
253.358 63.8471
211.387 109.337
219.27 105.205
226.042 103.219
231.161 105.017
236.747 103.473
243.479 106.103
250.814 110.5
243.137 114.178
236.268 115.196
230.524 115.654
225.09 114.979
218.491 112.981
214.898 109.235
225.707 107.758
230.985 108.499
236.632 108.016
247.225 110.126
236.512 108.795
230.889 109.429
225.616 108.636
