173.698 69.7691
175.997 82.2018
179.029 93.6727
182.178 105.976
185.361 118.614
191.607 129.937
200.906 138.778
212.824 144.191
226.745 145.34
240.546 143.057
251.752 136.591
261.519 128.023
268.527 117.144
272.181 105.115
274.516 92.4234
276.468 79.9868
277.971 66.1437
179.668 57.7747
184.811 47.9742
195.023 43.5162
206.875 41.5451
218.611 42.6373
231.785 41.6787
242.706 39.6924
254.104 41.4491
264.176 45.6459
269.764 54.4838
225.934 57.9227
226.139 66.7169
226.312 75.2262
226.481 84.11
215.397 94.6874
220.884 96.2421
226.486 97.3708
231.971 96.038
237.45 94.1953
191.595 64.6039
197.702 59.4539
205.635 59.1948
212.834 64.6525
205.707 66.9755
197.678 67.5748
238.674 63.5404
245.859 57.8222
253.702 57.7166
259.68 62.4949
254.185 65.5686
246.169 65.5152
208.24 114.58
215.167 109.788
221.69 107.423
226.697 109.091
232.061 107.175
238.386 109.266
245.414 113.874
238.668 117.539
232.489 118.919
226.821 119.538
221.504 119.161
214.925 117.716
211.613 113.965
221.805 112.124
226.945 112.665
232.41 111.818
241.882 113.374
232.231 112.479
226.737 113.516
221.585 112.792
