182.428 63.649
183.694 76.6353
185.771 88.8327
187.873 101.083
190.825 113.756
197.263 124.495
206.505 133.044
218.365 139.393
232.03 141.753
245.614 139.878
256.84 133.988
266.261 126.09
273.3 116.071
277.253 104.5
280.192 92.1436
282.741 80.3804
284.967 67.5337
189.273 53.4401
195.383 43.6857
206.136 38.5309
218.639 36.9434
229.792 40.5512
245.115 40.0626
255.476 37.2344
266.471 39.0871
275.838 44.4571
279.482 54.8444
237.182 55.1394
237.073 63.7405
236.994 72.0639
236.86 80.7312
224.278 90.5967
230.047 92.2598
235.764 93.5708
241.527 92.6186
246.926 91.0833
201.262 61.5538
208.025 57.6007
215.312 57.5874
222.588 61.9605
215.415 63.4343
207.782 63.7107
249.027 62.0855
256.516 57.9192
263.716 58.196
269.665 62.201
263.675 64.1799
256.191 63.8287
213.62 108.326
221.768 104.188
228.83 102.289
234.201 104.074
240.165 102.744
246.607 105.311
253.733 109.843
246.125 113.527
239.58 114.732
233.385 115.12
227.685 114.361
220.919 112.185
217.196 108.154
228.55 107.023
234.049 107.767
240.033 107.379
250.195 109.59
239.693 108.124
233.655 108.673
228.129 107.782
