185.549 65.25
185.642 78.818
185.717 91.7706
186.311 104.99
188.977 118.044
196.281 129.218
206.236 138.647
218.689 146.091
233.055 149.323
247.378 147.708
259.046 140.575
268.595 132.022
276.329 122.4
281.077 111.43
283.933 99.5915
286.335 87.9367
288.799 75.0735
194.125 57.0164
201.281 48.0019
212.636 44.0203
224.789 44.0575
236.112 48.5158
254.515 50.175
264.794 47.7907
275.285 49.0141
284.152 54.9631
286.332 66.1567
244.571 64.5883
243.945 74.8923
243.295 84.8532
242.555 95.1391
227.403 98.9021
233.717 101.534
240.228 104.342
246.008 103.363
251.921 101.956
207.293 64.3821
214.227 60.2953
221.766 61.3766
228.179 67.9673
220.949 68.2085
213.277 67.4008
255.132 71.116
262.527 65.9596
269.981 66.3792
275.34 71.946
269.862 73.5415
262.272 73.0732
212.034 109.686
222.882 109.443
232.4 110.219
238.243 112.342
244.525 111.527
251.887 112.886
260.191 114.376
250.417 119.449
242.667 121.087
236.159 121.007
229.891 119.646
221.01 115.834
215.423 110.553
231.808 113.8
237.947 115.27
244.206 115.011
256.59 114.885
243.205 115.519
236.944 115.829
230.746 114.423
