164.128 78.7426
168.553 91.0974
173.342 102.599
178.192 113.999
183.248 125.761
190.296 135.71
200.287 143.584
212.973 147.951
227.053 147.426
240.474 143.488
251.408 135.146
260.436 125.139
266.646 113.343
267.969 100.023
267.362 86.587
267.284 74.1868
267.045 60.3876
166.599 66.0087
169.016 54.7467
177.595 47.1746
188.781 43.4403
200.347 43.6718
217.695 40.1403
227.947 36.3728
239.118 36.326
249.861 40.389
256.024 49.446
211.611 59.3662
212.957 68.5401
214.244 77.5294
215.651 86.7943
207.324 98.1206
212.509 98.5642
217.772 98.8978
222.97 96.7608
228.033 94.7218
180.135 72.0543
184.717 66.7966
192.005 65.3978
199.633 68.8155
193.104 72.1933
185.669 73.7186
226.056 63.6134
232.214 57.7189
239.805 56.7973
246.424 60.2422
241.231 63.6933
233.517 64.5954
202.757 118.533
208.722 112.803
214.253 109.261
219.111 109.978
223.863 107.496
231.229 108.686
238.963 111.8
233.25 116.832
226.62 119.945
221.434 121.426
216.35 121.703
210.168 121.453
205.876 117.451
215.242 114.624
220.103 114.379
225.209 112.935
235.211 112.008
225.099 113.508
220.012 115.249
215.139 115.394
