180.288 65.7539
181.832 78.9206
184.195 91.3128
186.693 103.523
190.104 115.841
196.8 126.635
205.898 134.705
217.068 140.32
230.444 142.306
243.904 140.647
254.764 134.588
264.045 126.781
271.182 116.826
274.955 105.106
277.692 92.5213
280.316 80.3869
282.632 67.6286
186.763 54.1111
192.359 44.3622
202.754 38.9216
214.662 37.0527
225.884 39.6878
242.339 39.5933
252.911 37.3151
263.725 38.7956
273.165 44.2023
277.054 54.5422
234.167 54.6466
234.137 63.9578
234.092 72.9582
233.985 82.1669
221.75 91.2295
227.293 92.8514
232.847 94.168
238.395 93.3158
243.722 91.9652
198.681 61.2741
205.172 56.4431
212.73 56.3952
219.737 61.4482
212.71 62.9815
204.902 63.3481
246.432 61.6112
253.725 56.6752
261.207 56.9267
266.924 61.7352
261.235 63.7775
253.633 63.3738
211.728 109.124
219.252 104.93
226.203 102.895
231.59 104.576
237.208 103.23
244.007 105.707
251.272 110.084
243.856 113.966
236.897 115.345
231.15 115.74
225.559 115.123
218.63 113.036
215.006 108.978
225.959 107.513
231.464 108.147
237.117 107.774
247.796 109.877
237.013 108.805
231.401 109.455
225.894 108.655
