170.966 69.552
173.151 82.1815
176.389 94.229
179.882 106.522
183.174 119.124
189.51 130.235
199.036 138.642
211.468 144.025
225.474 144.862
239.651 142.266
251.514 135.884
262.134 127.986
269.28 117.356
272.043 104.708
273.355 91.4901
274.538 78.991
275.539 65.6224
176.472 54.7915
180.605 44.6618
190.012 38.2825
201.272 36.7486
212.225 39.1927
231.472 38.1375
241.245 34.3844
252.046 34.6284
261.706 40.024
266.277 49.8793
222.526 54.8924
222.754 63.6103
222.992 72.1786
223.186 80.8918
212.988 92.1461
218.281 93.3817
223.603 94.2832
229.066 93.0457
234.431 91.3745
188.953 64.1994
194.704 59.348
202.166 59.0588
209.374 63.4874
202.529 66.0005
194.854 66.6687
236.038 62.0064
243.07 56.8364
250.636 56.757
256.414 61.1827
250.992 63.8384
243.275 63.8994
204.59 111.656
211.808 106.745
218.393 104.409
223.295 105.737
228.591 104.057
235.593 106.059
243.811 109.73
236.123 113.496
229.51 114.737
223.927 115.427
218.965 115.315
212.154 114.329
207.709 111.093
218.674 108.922
223.635 109.292
229.076 108.532
240.351 109.73
229.04 108.998
223.534 109.962
218.663 109.675
