170.39 70.6185
172.78 83.029
176.199 95.0086
179.848 107.048
183.524 118.969
189.903 129.868
198.808 137.82
209.909 142.752
223.141 143.924
236.934 141.678
248.41 135.787
258.516 127.731
265.912 117.383
269.475 105.225
271.364 92.3538
272.765 79.9751
273.808 66.8903
176.018 53.5619
180.024 43.6384
189.171 37.3552
200.385 35.4438
211.26 37.5802
229.559 36.2625
239.474 32.5827
250.389 33.1148
259.858 38.5888
264.124 48.558
221.098 53.9763
221.355 62.5613
221.619 70.9162
221.748 79.4625
211.801 91.3392
216.834 92.629
222.079 93.4657
227.374 92.4439
232.5 90.6425
188.085 63.9079
193.863 59.4429
201.027 58.7495
207.983 62.3858
201.558 65.0633
194.087 66.0124
234.632 60.7733
241.534 56.32
248.899 56.4028
254.622 60.4398
249.117 62.9998
241.587 62.9232
203.847 111.958
210.347 106.071
216.735 103.094
221.569 104.569
226.783 102.798
233.55 105.564
241.135 110.645
233.899 114.731
227.236 116.33
221.775 116.966
216.733 116.604
210.453 114.818
207.168 111.238
216.911 108.308
221.791 108.748
227.105 108.131
237.41 110.327
226.911 109.693
221.58 110.391
216.76 109.953
