162.354 75.7733
165.567 86.0765
169.322 95.8268
173.456 105.467
177.876 115.508
184.752 124.301
194.502 129.943
206.669 132.169
219.898 131.043
233.231 128.189
244.288 123.471
254.012 116.548
260.613 107.39
263.032 95.9526
264.215 84.4009
264.892 72.4867
264.826 60.2726
165.342 53.3527
167.628 42.7418
174.887 34.5682
185.426 30.2337
195.89 30.9459
213.351 27.8247
222.875 23.6355
234.207 24.5473
244.227 29.8851
250.65 38.5663
206.743 46.4361
207.459 52.7156
208.035 58.8953
208.742 65.2783
202.03 81.6764
206.637 81.6232
211.328 81.1317
216.319 80.001
221.096 78.5363
176.505 62.8361
181.148 57.099
188.239 55.2958
195.948 57.9945
189.693 61.544
182.457 63.5431
221.462 52.7305
228.085 47.4646
235.488 47.2422
242.12 51.1919
236.215 53.6781
228.634 54.1389
196.704 104.292
202.444 96.5868
208.137 91.6383
212.799 92.0766
217.312 89.6384
224.752 92.012
233.262 97.2055
226.56 100.258
220.198 102.357
215.263 103.719
210.464 104.418
204.149 105.04
199.508 102.813
209.163 97.5457
213.818 96.8407
218.59 95.5766
229.428 96.832
218.7 96.1674
213.907 97.641
209.301 98.2243
