173.819 69.3454
174.901 82.1792
176.766 94.1735
179.094 106.35
182.698 118.704
189.896 129.591
199.522 138.79
211.986 144.966
226.469 146.619
240.995 144.734
253.191 138.656
263.217 130.186
271.176 119.707
274.872 107.412
276.505 94.1673
277.786 81.7791
278.781 68.6164
178.882 60.175
183.925 49.746
194.326 43.4776
206.559 41.0875
218.084 43.8398
235.493 43.0407
246.643 40.0922
258.486 41.6079
268.777 47.6049
273.184 58.5184
227.27 58.5849
227.357 68.5006
227.312 78.1213
227.281 88.1393
213.183 94.5504
219.871 96.5065
226.732 98.6078
233.673 96.8062
240.436 95.0161
191.368 64.6503
197.793 60.5213
204.891 60.5078
212.416 65.157
205.057 65.7477
197.787 65.9026
240.673 64.909
248.214 59.937
255.445 59.7764
261.799 64.1045
255.611 65.4792
248.128 65.4966
200.942 107.277
210.765 105.547
219.325 105.02
226.049 106.774
232.997 105.193
241.996 105.889
252.523 107.321
241.946 111.485
233.181 113.298
225.943 113.879
218.989 113.167
210.506 111.194
204.487 107.764
219.134 108.977
226.039 109.884
233.143 108.996
248.985 107.786
233.162 108.566
226.101 109.341
219.15 108.45
