181.546 64.8649
182.9 77.6499
185.051 89.6287
187.454 101.644
190.656 114.031
197.15 124.933
206.366 133.82
218.204 140.215
231.935 142.439
245.686 140.745
257.052 134.524
266.375 126.051
273.288 115.608
276.977 103.971
279.579 91.796
281.952 79.8979
284.144 66.8371
188.227 54.3989
194.009 45.0154
204.523 40.0082
216.615 38.5361
227.656 41.7298
243.986 40.7201
254.234 38.1032
265.144 39.5963
274.654 44.5701
278.661 54.5053
235.943 55.286
235.909 64.4752
235.853 73.3568
235.769 82.5629
223.215 91.0712
228.93 92.9986
234.661 94.4866
240.551 93.3253
246.026 91.4573
199.906 62.0857
206.592 57.9433
213.907 57.7684
221.171 61.9076
214.019 63.728
206.407 64.1317
248.065 61.98
255.671 57.8869
262.976 58.1909
268.771 62.3497
262.824 64.4001
255.275 64.0245
213.179 108.973
221.276 104.812
228.213 103.048
233.505 104.856
239.286 103.412
246.113 105.755
253.417 109.914
245.835 114.027
238.922 115.336
232.976 115.688
227.313 114.998
220.511 112.991
216.871 108.756
227.944 107.592
233.384 108.414
239.213 107.944
249.773 109.7
239.086 108.927
233.254 109.479
227.795 108.572
