184.872 64.8122
185.063 78.4276
185.323 91.3585
185.662 104.81
187.962 118.079
194.756 129.088
204.323 138.661
216.263 146.012
230.382 149.635
244.73 148.812
256.849 142.984
267.299 134.46
275.62 124.454
280.837 113.02
283.781 100.693
286.388 88.4903
289.335 75.152
193.567 57.9103
200.309 48.7699
211.556 44.421
223.827 44.1276
235.204 48.3925
254.171 50.4597
264.126 47.8976
274.805 49.3567
283.821 55.5407
286.312 66.7346
243.686 63.7766
242.973 74.1509
242.174 84.2497
241.168 94.6233
225.989 97.9773
232.351 100.659
238.951 103.551
245.179 102.603
251.442 101.296
206.768 63.7478
213.668 60.3105
220.914 61.2827
227.492 67.3039
220.128 67.1729
212.683 66.3011
254.823 70.8431
262.488 66.2902
269.72 66.8169
275.171 71.9338
269.274 73.1225
261.831 72.5284
209.818 107.857
220.819 108.109
230.562 109.007
237.034 111.241
243.575 110.343
251.359 111.693
260.504 113.103
249.748 118.961
241.479 120.781
234.621 120.788
227.799 119.364
218.603 115.282
213.297 108.893
229.891 112.188
236.562 113.826
243.099 113.607
256.847 113.716
242.238 115.594
235.588 115.97
228.843 114.42
