169.3 74.0889
172.223 87.2221
176.039 99.3124
180.092 111.507
184.421 123.424
191.458 133.952
201.207 141.683
213.658 146.406
227.756 146.544
241.628 143.04
253.128 135.925
262.888 127.414
269.514 116.424
271.936 103.673
272.766 90.7992
273.777 78.2957
274.583 64.4122
173.755 60.998
177.332 50.5874
186.544 44.2481
197.817 41.7838
209.096 43.3243
227.91 41.146
238.073 37.4975
249.012 37.6249
259.108 41.899
264.39 50.8989
219.755 58.1755
220.577 67.5058
221.355 76.5402
222.143 85.8301
211.554 95.8521
217.13 97.0488
222.865 97.9604
228.695 96.107
234.149 93.909
186.031 68.425
191.59 62.921
199.187 62.1222
206.713 66.8006
199.888 69.478
192.078 70.4863
233.654 63.4563
240.31 57.381
248.111 56.8577
254.44 61.2954
248.897 64.3949
241.08 64.8289
204.445 115.327
211.148 110.54
217.507 107.947
222.935 109.202
228.5 107.043
235.836 108.15
243.996 111.214
236.649 115.413
229.881 117.798
223.927 118.974
218.386 119.048
211.798 118.43
207.541 114.688
218.015 112.401
223.464 112.66
229.267 111.453
240.171 111.417
229.093 111.779
223.265 113.271
217.888 113.215
