172.692 69.2401
174.612 82.7638
177.638 95.5663
181.373 108.126
185.635 120.886
192.289 132.52
201.004 141.918
212.331 148.621
226.06 150.178
239.88 147.535
251.053 140.109
260.829 130.998
268.356 120.168
272.586 107.716
275.339 94.4736
277.461 81.0837
279.03 66.9604
179.277 54.665
183.744 44.9066
192.874 39.5983
203.701 38.7441
213.551 41.7237
235.729 40.3285
245.388 37.127
255.583 38.0216
264.574 43.1296
269 52.2776
225.205 60.5826
225.412 70.363
225.599 79.7489
225.744 89.2721
214.752 99.3152
220.064 101.1
225.539 102.248
231.071 100.916
236.291 98.9098
190.489 66.4608
196.526 59.832
205.249 59.9563
212.627 67.0737
205.323 70.0218
196.301 70.5158
237.931 65.8578
244.745 58.3445
253.384 58.0826
259.449 63.961
254.286 68.0726
245.552 68.4052
206.622 119.867
214.018 114.27
220.646 111.739
225.304 113.161
230.604 111.389
237.587 113.554
245.359 118.391
237.89 122.404
231.305 124.368
225.619 124.986
220.657 124.823
213.962 123.164
210.223 119.276
220.769 117.352
225.523 117.666
230.977 116.903
241.541 117.92
230.89 117.217
225.456 118.152
220.617 117.552
