168.804 73.339
170.615 85.4941
174.044 97.3936
178.85 109.089
184.741 120.213
191.539 131.001
199.512 140.179
209.265 145.657
221.826 146.918
234.48 143.627
244.87 136.776
253.557 126.714
260.589 115.531
265.448 103.456
268.127 90.2311
269.309 77.3527
269.704 63.843
173.955 46.525
176.142 35.2392
184.754 27.4632
195.578 24.1297
205.838 26.799
222.24 24.6248
231.737 19.8189
242.961 20.9028
252.604 26.7982
257.023 36.9271
214.854 40.5429
215.3 46.1605
215.641 51.6218
215.939 57.5036
208.372 75.9961
212.751 75.7307
217.292 75.3201
222.11 74.7574
226.863 73.9358
183.672 56.1801
188.945 50.7703
195.992 49.2675
203.379 52.1809
197.089 55.0586
189.886 56.7251
228.66 49.0362
235.436 44.6334
243.042 44.8585
249.018 49.1883
243.039 50.9885
235.423 50.7665
202.105 106.645
205.621 92.866
212.957 85.544
218.162 86.4355
223.491 84.4859
232.071 89.9807
237.327 102.896
233.707 113.927
225.983 119.871
220.057 121.106
214.21 121.111
206.545 116.375
205.099 105.383
213.659 93.7033
218.744 92.9882
224.1 92.5594
234.173 102.176
224.832 110.585
219.252 111.85
213.946 111.635
