173.842 68.2323
175.624 80.919
178.287 92.9777
181.099 105.18
184.16 117.608
190.212 128.851
199.704 137.661
211.46 143.662
225.131 145.599
239.05 144.008
250.615 138.102
260.771 130.359
268.065 119.809
271.752 107.562
274.041 94.5694
276.134 82.338
278.285 68.7579
180.91 54.694
185.906 45.302
195.805 39.6986
207.478 38.2178
218.344 41.308
236.181 40.9217
246.311 37.5552
257.272 38.724
266.666 44.1367
270.469 54.3917
227.114 56.549
227.202 65.2396
227.281 73.6654
227.256 82.3646
215.659 93.0735
220.98 94.7263
226.646 95.9337
232.164 94.9595
237.563 93.3691
193.019 64.2723
199.27 59.9247
206.486 59.6297
213.436 63.9497
206.624 66.0442
199.191 66.5185
240.12 63.8223
247.378 59.3698
254.611 59.4409
260.108 63.9582
254.445 66.1884
247.113 65.8143
206.494 112.299
214.34 107.965
220.951 106.235
225.96 107.919
231.188 106.252
237.516 108.248
245.043 112.595
237.361 115.91
230.945 116.546
225.509 116.895
220.373 116.465
213.838 115.261
209.756 112.1
220.697 110.302
225.873 110.94
231.161 110.362
241.653 112.323
231.094 111.483
225.755 112.117
220.65 111.38
