172.477 72.2966
174.634 84.8551
177.82 96.364
181.037 108.631
184.688 120.874
191.207 132.161
200.3 141.021
211.672 147.139
224.932 148.908
238.973 146.953
250.715 140.442
261.063 132.071
268.54 121.546
272.398 109.269
274.657 96.2024
276.768 83.4315
278.691 69.7275
178.861 59.1929
183.499 49.9025
192.936 44.6127
204.432 42.725
215.702 44.5107
234.305 43.7122
244.477 41.2218
255.576 42.5778
265.224 47.4354
269.678 57.1042
225.519 60.3901
225.584 69.756
225.554 78.8301
225.46 88.1881
214.879 97.5373
220.065 99.0875
225.576 100.372
231.054 99.1721
236.446 97.3634
191.444 67.2673
197.457 62.6937
204.853 62.4536
212.031 67.1104
204.858 69.1627
197.432 69.73
238.756 66.3497
245.732 61.4819
253.28 61.3496
259.357 65.6873
253.524 68.2812
245.882 68.1857
206.63 116.77
213.322 111.946
219.788 109.926
225.276 111.526
230.717 109.832
237.34 111.705
244.428 116.4
237.657 120.598
231.096 121.992
225.286 122.563
219.617 122.119
213.081 120.439
209.599 116.287
219.878 114.586
225.483 115.235
231.012 114.489
241.108 115.928
230.865 115.452
225.265 116.3
219.704 115.589
