174.203 69.898
176.586 82.28
179.634 93.6415
182.694 105.382
185.81 117.466
191.978 128.182
200.922 137.135
212.599 142.971
226.439 144.582
240.237 142.385
251.052 136.075
260.364 127.45
267.195 117.27
270.593 105.408
272.73 93.2155
275.124 81.138
277.021 67.5517
180.137 56.8064
185.355 47.4045
195.162 42.6458
206.684 40.0415
218.173 40.9932
232.076 40.9045
242.482 38.9721
253.728 41.5774
263.535 46.2188
268.997 55.0973
226.109 57.1146
226.399 66.0056
226.628 74.6827
226.891 83.6193
215.882 93.1122
221.339 94.7724
226.941 96.105
232.481 94.7177
237.727 92.619
191.779 63.9075
197.775 58.7062
205.749 58.3582
212.918 63.7307
205.875 66.1068
197.792 66.7618
238.591 62.8672
245.824 57.3462
253.601 57.3933
259.451 62.3734
253.918 65.1113
246.032 64.9028
209.79 113.977
215.817 108.604
221.902 106.077
227.075 107.608
232.282 105.903
238.841 108.106
245.456 113.241
239.15 116.377
232.748 117.893
227.214 118.466
221.917 118.076
215.666 116.719
212.863 113.173
222.081 110.846
227.225 111.393
232.63 110.633
242.075 112.466
232.509 111.753
227.12 112.531
222.005 111.94
