173.963 68.7681
176.024 83.8657
179.386 98.3471
183.36 112.566
188.951 126.348
196.176 139.539
204.622 151.843
215.237 160.075
228.658 162.666
242.241 159.053
252.142 148.849
260.59 135.987
267.634 122.928
272.363 109.149
274.888 94.4034
276.526 79.6144
277.525 64.6823
179.253 54.821
184.602 45.952
194.166 40.7434
205.477 39.0024
216.362 41.1386
233.86 40.1819
243.827 37.425
254.612 37.9
264.524 41.9873
269.912 50.7655
226.019 54.9064
226.363 63.1444
226.762 71.3691
227.167 80.088
216.779 90.7178
221.891 92.2888
227.296 93.7039
232.627 91.84
237.548 89.7075
191.521 62.5185
197.183 57.6481
204.96 57.1468
212.056 61.3472
205.059 63.5054
197.347 64.1868
239.877 60.0484
246.402 55.6153
254.078 55.676
260.097 59.7981
254.367 61.9207
246.811 61.8492
207.948 119.559
212.86 109.206
221.164 104.495
226.797 105.716
232.548 103.91
240.524 107.784
245.073 118.112
240.504 130.41
233.212 136.008
226.915 137.017
220.681 136.697
212.625 132.048
210.399 119.198
221.456 110.877
227.203 110.615
232.873 110.179
241.683 117.906
232.585 127.81
226.701 129.044
220.9 128.624
