173.898 70.48
176.629 82.8154
179.9 94.2649
183.068 105.951
186.125 117.896
192.253 128.424
201.17 136.694
212.703 141.868
226.787 143.161
240.478 141.458
251.64 136.105
260.718 127.751
267.199 117.601
270.234 105.839
272.295 93.495
274.628 81.4997
276.913 68.0877
180.533 57.789
185.727 48.252
195.785 43.5773
207.684 41.144
219.381 41.9667
232.607 41.413
243.536 40.1222
254.933 42.6061
264.921 47.4513
269.791 56.9387
226.433 57.6567
226.653 66.391
226.847 74.8923
227.04 83.7326
216.312 94.1709
221.635 95.5484
227.224 96.4974
232.592 95.5189
237.839 93.9435
192.302 64.1848
198.504 59.0557
206.3 58.7695
213.485 64.0257
206.503 66.3771
198.464 66.9733
239.288 63.3483
246.518 57.9533
254.164 57.9994
259.932 62.9467
254.398 65.712
246.523 65.4874
209.873 113.976
215.912 108.455
222.229 106.024
227.517 107.591
233.082 105.995
239.826 108.398
246.253 113.846
239.985 116.475
233.31 117.437
227.54 117.951
222.235 117.506
215.718 116.318
212.958 113.172
222.451 110.443
227.739 111.031
233.401 110.465
242.807 112.935
233.014 111.293
227.393 111.94
222.13 111.37
