173.821 70.4101
176.23 83.0924
179.593 94.8208
182.81 106.887
185.667 119.321
191.675 130.891
200.979 139.868
212.999 145.368
226.763 146.953
240.885 144.782
252.527 138.954
262.455 130.208
269.238 119.264
272.506 106.813
274.522 93.9198
276.531 81.5025
278.016 67.842
179.882 56.5449
184.87 47.2329
194.669 41.9494
206.37 39.7846
217.757 41.3728
234.7 40.2226
244.959 38.3885
255.982 40.5242
265.396 45.7351
269.751 55.0167
226.642 57.8373
226.848 66.9314
227.052 75.7267
227.226 84.8325
216.559 95.3076
221.517 96.9413
226.93 98.1102
232.376 96.9686
237.559 94.9796
192.656 65.448
198.643 61.0118
206.043 60.6317
213.534 64.7658
206.463 67.326
198.847 68.064
239.141 64.1072
246.329 59.6214
253.703 59.6682
259.727 63.924
254.096 66.4886
246.547 66.3837
210.002 115.185
216.2 109.705
222.159 107.487
227.107 109.01
232.562 107.284
238.807 109.304
245.416 114.488
239.216 118.028
233.167 119.286
227.458 119.904
222.22 119.482
216.023 118.121
213.091 114.477
222.307 112.175
227.321 112.799
232.942 112.017
241.803 114.02
232.813 112.939
227.177 113.852
222.16 113.187
