176.547 69.1082
178.31 82.5986
181.282 95.2536
184.326 107.611
187.611 119.779
194.089 130.799
203.333 139.365
215.331 145.22
229.147 147.124
242.879 145.211
254.057 139.584
263.838 131.638
270.909 121.203
274.642 109.119
277.145 96.2542
279.218 83.8793
281.217 70.095
183.124 55.7408
188.379 46.1704
198.545 41.1342
210.357 40.0434
221.122 43.6151
240.914 42.5809
250.877 39.1637
261.707 39.9976
270.899 45.3454
274.491 55.4835
230.897 58.7149
230.923 68.0841
230.935 77.1902
230.918 86.5244
219.211 95.7193
224.623 97.7026
230.425 99.1471
236.104 97.9707
241.385 95.9686
195.75 66.2232
202.227 62.2508
209.56 62.22
216.89 66.2041
209.909 68.1673
202.118 68.6644
243.631 65.8505
251.102 61.6319
258.25 61.7912
264.098 65.6499
258.22 67.979
250.874 67.7217
210.577 114.132
217.979 109.994
224.543 108.26
229.621 109.909
235.114 108.264
241.519 110.268
248.883 114.623
241.397 117.878
235.074 119.054
229.429 119.532
224.077 119.044
217.495 117.332
213.788 113.865
224.41 112.41
229.634 113.082
235.234 112.437
245.342 114.367
235.101 113.299
229.507 114.147
224.279 113.371
