163.702 79.0294
168.317 91.3747
173.171 102.753
178.035 114.183
183.511 125.912
191.429 135.568
201.892 143.064
214.431 147.564
228.082 147.216
240.98 143.2
251.425 134.584
259.586 124.509
265.555 112.41
266.868 98.8477
266.376 85.4064
266.367 72.6948
265.584 58.7753
166.01 66.8143
168.124 55.5319
176.523 48.3487
187.457 44.9142
198.839 45.1205
216.675 41.0416
226.615 36.8631
237.5 36.1494
248.166 39.5087
254.904 47.7246
210.692 60.499
212.312 69.5632
213.875 78.3844
215.562 87.5151
206.945 98.7121
212.203 99.0998
217.617 99.4652
222.941 97.1847
228.06 94.9043
179.193 73.3564
183.73 68.0694
191.125 66.4745
198.826 70.0466
192.194 73.6114
184.68 75.142
225.405 63.9028
231.379 57.6987
239.009 56.4925
245.672 59.8573
240.715 63.6833
232.875 64.805
203.392 119.408
208.708 113.791
214.021 110.188
219.161 110.998
223.82 108.374
231.173 109.328
239.128 112.254
233.478 117.156
226.973 120.213
221.862 121.713
216.514 122.095
210.392 121.867
206.291 118.185
215.204 115.482
220.288 115.19
225.311 113.672
235.606 112.552
225.352 113.973
220.351 115.639
215.214 115.851
