179.222 65.1658
180.872 77.9878
183.343 90.0154
185.96 102.233
188.98 114.707
195.376 125.593
204.503 134.11
216.339 140.016
229.97 141.828
243.475 140.123
254.573 134.509
263.859 126.653
270.782 116.54
274.531 104.705
277.113 92.4031
279.501 80.5276
281.605 67.6632
186.275 53.9417
191.727 44.432
201.975 38.782
213.892 36.9909
224.88 40.1147
241.49 39.8933
251.841 37.0569
262.972 38.6678
272.346 44.1204
276.267 54.3877
233.262 55.0184
233.212 64.2104
233.161 73.036
233.046 82.1051
221.138 91.6038
226.635 93.2242
232.28 94.527
237.907 93.3918
243.208 91.6967
197.904 61.8045
204.289 56.8454
211.928 56.8542
219.088 61.9257
212.037 63.8201
204.132 64.3378
245.376 61.9399
252.95 56.9152
260.558 57.0387
266.278 62.0156
260.591 64.2252
252.817 63.8606
211.518 110.045
219.342 105.718
226.128 103.76
231.294 105.42
237.011 103.878
243.679 106.254
250.86 110.59
243.498 114.171
236.897 115.187
230.962 115.669
225.502 115.125
218.694 113.32
214.851 109.829
225.899 108.139
231.189 108.844
237.027 108.232
247.28 110.349
236.975 109.043
231.181 109.759
225.868 109.09
