165.191 77.8731
167.608 89.0176
171.148 99.4501
176.151 109.823
181.636 119.385
188.079 128.455
196.021 135.804
206.213 139.876
218.406 140.459
230.972 137.402
241.518 131.777
250.851 123.7
257.97 114.061
262.329 102.898
264.616 90.4088
265.371 78.1218
265.828 65.3757
169.928 49.7413
171.02 38.1182
178.31 29.6302
188.582 25.3619
198.668 26.4364
215.816 23.4014
225.751 19.0924
237.222 20.7043
246.84 27.4532
252.032 37.5615
208.332 40.8176
208.743 46.2066
208.967 51.4647
209.325 56.9767
203.066 75.1676
207.483 74.9681
211.825 74.6268
216.763 73.8481
221.609 72.8151
178.681 57.9112
183.492 52.1009
190.501 50.3896
197.921 53.1886
191.916 56.0603
184.819 57.9139
223.202 48.9284
229.823 44.0897
237.109 44.1055
243.504 48.3891
237.535 50.0636
230.095 50.209
197.446 103.924
201.16 91.0442
207.724 84.3245
212.86 85.0895
218.345 83.1602
226.915 87.8609
233.386 99.7947
228.694 108.415
220.964 113.033
214.95 114.217
209.357 114.216
202.437 111.24
200.367 102.694
208.678 91.0469
213.583 90.4676
219.108 89.9236
230.089 99.1566
219.733 105.019
213.987 106.14
208.799 106.107
