171.273 71.255
173.617 83.8887
176.929 95.6409
180.62 107.801
184.377 119.807
191.205 130.739
200.532 138.98
212.475 143.783
226.252 144.373
239.706 141.692
251.005 135.553
260.938 128.021
268.061 117.937
271.082 105.761
272.357 92.9301
273.513 81.1093
274.957 68.4086
176.441 55.4329
180.927 44.9255
190.669 38.6474
202.235 36.9517
213.355 39.6967
231.079 38.125
241.209 34.2458
252.433 34.6775
262.445 40.3564
266.935 50.589
222.913 55.2188
223.13 63.8474
223.387 72.3817
223.584 81.1349
213.111 92.5867
218.447 93.839
223.917 94.8005
229.308 93.5862
234.69 91.8615
189.057 64.345
194.813 59.0013
202.325 58.6227
209.541 63.3765
202.831 65.8293
195.089 66.6822
236.138 62.0626
243.212 56.5085
250.807 56.4547
256.674 61.4254
251.073 64.0082
243.357 63.9879
204.684 111.643
212.309 106.994
218.935 104.537
223.918 105.84
229.44 104.139
236.356 106.171
244.462 109.964
236.747 113.483
230.053 114.584
224.247 115.227
219.166 115.077
212.582 114.268
208.235 111.189
219.071 109.008
224.087 109.389
229.728 108.628
240.802 110.009
229.666 109.005
224.015 109.83
219.053 109.45
