173.009 68.5003
174.764 81.5574
177.576 93.8909
180.759 106.477
184.243 119.269
190.711 130.634
200.183 139.657
212.255 145.165
225.612 146.793
239.355 144.85
250.91 138.841
261.032 130.723
268.423 120.183
272.066 107.837
274.325 94.6915
276.21 82.143
278.146 68.4016
179.765 56.7182
184.478 47.0152
194.389 41.5007
206.034 39.7465
217.041 42.4636
235.613 41.6279
245.818 38.6624
256.726 39.6117
266.289 44.7981
270.564 54.7981
226.72 57.3598
226.743 66.4206
226.767 75.1796
226.728 84.225
215.344 94.5447
220.567 96.3883
226.125 97.6865
231.813 96.4779
237.077 94.4987
191.981 64.796
198.296 59.8523
205.779 59.7864
212.986 64.6495
205.98 66.8416
198.188 67.4091
239.262 64.184
246.751 58.8521
254.32 58.9558
260.256 63.7904
254.518 66.299
246.788 66.1641
205.989 113.07
213.525 109.06
220.127 107.308
225.325 109.096
231.091 107.362
237.795 109.457
245.008 113.341
237.568 116.913
230.807 117.724
224.874 118.12
219.497 117.542
213.016 116.116
209.225 112.89
219.972 111.515
225.301 112.338
231.106 111.618
241.727 113.233
230.885 112.44
225.04 113.225
219.764 112.338
