173.909 68.7409
176.047 83.6031
179.325 98.197
183.433 112.626
188.915 126.875
195.847 140.146
203.986 152.142
213.918 160.133
227.081 162.42
240.971 159.039
251.744 149.947
261.636 138.758
270.008 126.521
275.358 112.797
278.187 97.9879
279.854 83.2474
281.398 67.6973
179.263 57.8322
184.523 48.2552
194.622 42.9717
206.542 41.2148
217.696 43.5848
233.138 42.721
243.252 38.9838
254.511 39.7148
264.855 43.8503
271.029 52.3484
225.528 55.1924
225.548 63.1604
225.545 71.2063
225.466 79.7683
215.499 89.596
220.745 91.6907
226.388 93.5316
232.26 91.6445
237.376 89.2358
191.103 63.1223
197.231 58.4537
204.649 57.8984
211.744 61.7706
204.957 63.4386
197.377 64.1192
240.053 60.4451
246.925 56.0443
254.522 55.781
260.7 59.9635
254.787 61.5717
247.193 61.5274
207.804 117.491
212.626 107.031
220.481 102.285
226.075 103.745
231.644 102.263
239.576 106.562
245.46 116.092
239.517 128.714
231.977 133.768
225.943 134.617
219.989 134.27
212.32 129.601
210.319 116.488
220.753 107.181
226.31 107.134
231.852 106.903
242.298 115.591
231.615 126.443
225.823 127.638
220.145 127.18
