172.266 75.2975
175.015 89.8759
178.8 103.738
183.214 117.211
187.878 130.341
195.604 141.804
205.188 150.949
216.837 157.698
230.441 159.297
245.059 156.902
258.277 150.072
270.563 141.201
279.901 130.121
285.021 116.451
287.132 101.623
288.537 87.0833
290.442 71.0747
178.268 63.4453
183.686 54.3313
193.962 50.3106
205.248 49.7509
215.652 52.0827
234.452 50.8764
245.293 48.4195
256.538 49.6701
266.921 54.2434
273.511 62.5086
226.082 71.2728
226.194 82.6443
226.261 93.5251
226.385 104.455
215.555 111.812
221.21 113.878
227.175 115.381
232.889 113.514
238.261 111.311
191.449 75.2602
197.581 69.9234
205.796 70.4411
213.095 76.8
205.537 78.8674
197.259 79.0858
239.711 76.0185
246.573 69.1799
254.903 68.9241
261.842 73.7298
255.696 77.3579
247.342 77.8923
209.111 128.784
216.712 125.384
222.716 123.96
227.311 125.335
232.854 123.519
239.972 124.835
248.607 126.776
240.792 131.302
233.96 133.135
228.34 133.883
223.494 133.697
217.086 132.51
212.476 128.723
223.011 128.273
227.659 128.676
233.314 127.671
245.026 127.177
233.377 127.381
227.822 128.271
223.033 127.841
