173.393 67.9636
174.697 80.9343
176.93 93.0047
179.577 105.122
183.009 117.6
189.974 128.558
199.401 137.516
211.18 143.705
225.076 145.371
239.332 142.869
251.275 136.32
261.778 128.339
270.043 118.209
274.166 106.236
276.2 93.2038
277.179 81.126
278.149 67.8559
179.137 57.0677
184.355 47.5573
194.445 41.9372
206.362 40.109
217.252 43.3738
235.448 42.3051
245.59 39.032
256.537 39.9422
266.228 45.0176
270.737 55.0116
226.626 57.8901
226.571 67.3018
226.52 76.3253
226.445 85.6536
213.785 94.1545
219.871 96.0244
226.086 97.5841
232.251 96.1122
238.251 94.3253
191.599 64.4827
197.879 59.6319
205.308 59.6097
212.293 64.6357
205.418 66.1138
197.799 66.4155
239.562 64.0565
246.807 58.7261
254.309 58.7257
260.275 63.5378
254.507 65.5802
246.773 65.5297
202.419 108.709
211.848 106.879
219.918 105.943
225.389 107.425
231.171 106.012
239.095 107.187
248.368 109.02
238.655 113.715
230.813 115.055
224.692 115.602
219.013 114.952
211.213 113.01
205.935 109.043
219.804 110.197
225.397 110.845
231.274 110.159
244.785 109.554
230.824 109.904
224.89 110.641
219.357 109.833
