179.695 66.037
181.263 78.8527
183.486 90.7267
185.988 102.916
189.219 115.092
195.765 126.156
205.011 135.19
216.73 142.014
230.458 144.389
244.304 142.528
255.707 136.009
265.057 127.321
272.273 116.675
275.906 104.455
278.341 91.7159
280.501 79.3689
282.417 66.2129
185.76 55.2385
191.273 45.6802
201.691 40.3296
213.856 38.3003
225.033 41.1832
241.251 40.5343
251.676 37.7791
262.804 39.1613
272.431 44.4044
276.905 54.1296
233.381 55.3236
233.553 64.6369
233.654 73.6132
233.774 82.8711
221.32 91.6479
227.02 93.562
232.806 95.1493
238.608 93.823
243.993 91.948
197.958 62.2902
204.334 57.5841
211.733 57.4473
218.992 62.0355
211.853 63.8376
204.176 64.3501
245.556 61.847
253.108 57.1393
260.629 57.2503
266.616 61.8703
260.651 64.0071
252.949 63.7184
211.08 110.077
218.944 105.679
226.07 103.831
231.783 105.662
237.744 104.091
244.492 106.25
251.723 110.58
244.273 115.232
237.505 117.037
231.292 117.546
225.353 116.891
218.288 114.521
214.667 109.879
225.891 108.457
231.751 109.267
237.752 108.713
248.123 110.41
237.497 110.393
231.483 111.085
225.637 110.164
