164.486 76.1371
167.579 86.0369
171.175 95.3009
175.075 104.593
179.338 113.719
186.135 121.662
196.232 126.293
207.901 127.405
220.937 126.292
234.162 123.859
245.297 120.243
255.342 114.163
261.968 105.501
264.525 94.6829
265.67 83.4086
266.266 72.1898
266.254 60.5349
167.953 50.9442
170.013 39.7438
177.42 31.8197
187.738 27.4419
198.345 28.2238
214.679 25.0957
224.624 21.3249
235.923 23.0577
245.597 28.6533
251.666 37.7873
208.427 43.3308
209.161 48.8635
209.709 54.2862
210.315 59.9919
203.42 77.0044
207.853 76.775
212.345 76.2713
217.262 75.5258
222.076 74.3242
178.639 59.618
182.952 53.9905
189.831 52.2475
197.543 54.7434
191.449 58.0782
184.245 60.127
222.563 50.1292
228.973 45.3334
236.357 45.3578
243.001 49.1166
237.051 51.3034
229.537 51.5784
197.357 100.586
203.006 92.5906
208.89 87.3209
213.553 87.7878
218.197 85.5404
225.564 88.3413
233.638 94.0132
227.191 96.8839
220.871 98.7376
215.84 99.9949
211.113 100.463
204.778 101.127
200.188 99.2978
209.735 93.5377
214.408 92.8956
219.217 91.8151
229.644 93.6433
219.536 92.7454
214.667 94.0216
210.076 94.5592
