173.456 68.0469
175.472 80.6315
178.099 92.2801
180.605 104.314
183.603 116.575
189.725 127.761
198.625 136.664
210.32 142.91
223.919 144.586
237.602 142.877
248.904 136.591
258.45 128.316
265.625 118.08
269.296 106.113
271.89 93.9085
274.588 81.8369
277.245 68.634
180.007 55.5763
184.953 45.7419
195.111 40.3175
206.854 38.4847
217.611 41.4543
235.654 40.8246
246.098 37.8366
257.142 39.0267
266.487 44.4088
270.217 54.7305
226.66 56.2984
226.691 65.1905
226.76 73.8465
226.765 82.8336
215.23 92.7922
220.49 94.4384
225.934 95.6637
231.353 94.566
236.493 92.726
192.144 63.9955
198.376 59.066
206.005 58.8988
212.839 63.6836
205.98 65.9186
198.159 66.4516
239.267 63.2018
246.642 58.3361
254.279 58.4661
259.874 63.2513
254.361 65.6884
246.594 65.3555
206.268 112.234
213.681 107.937
220.052 106.099
225.14 107.916
230.56 106.081
236.814 108.231
243.68 112.731
236.688 115.832
230.341 116.462
224.744 116.841
219.533 116.394
213.157 115.171
209.599 112.044
219.939 110.27
225.136 111.053
230.661 110.244
240.296 112.377
230.424 111.229
224.877 111.995
219.774 111.198
