166.94 71.422
168.795 83.9665
172.771 96.6547
178.039 108.768
184.244 120.194
191.771 131.03
200.644 140.892
210.768 147.587
222.983 149.182
235.003 145.31
244.507 137.202
252.709 126.521
259.246 115.056
263.805 102.622
266.66 89.1061
268.015 75.5736
268.324 62.2052
172.229 45.272
174.283 33.743
182.496 25.3822
193.295 22.2918
203.672 24.5098
219.783 22.1433
229.706 17.2144
241.282 17.9674
251.231 24.1523
256.128 34.7455
212.706 38.686
213.088 43.3352
213.359 47.8887
213.615 52.954
207.442 73.0404
211.666 72.4693
215.776 71.8508
220.285 71.1829
224.719 70.6239
182.068 54.7841
187.36 49.101
194.814 47.3473
202.1 50.5744
195.819 53.8149
188.426 55.4281
226.366 47.2323
232.776 42.4445
240.457 42.4582
247.069 46.9579
241.072 49.0568
233.274 48.9519
201.548 106.121
204.234 90.5861
212.046 82.439
216.944 83.1308
221.858 81.3995
231.1 88.0231
235.996 102.518
232.663 116.563
224.63 123.67
218.935 124.768
213.417 124.727
205.476 118.541
204.402 105.032
212.794 90.1395
217.503 89.3415
222.333 89.0291
233.078 101.74
223.442 114.922
218.2 116.136
213.116 115.738
