173.278 70.6707
175.637 84.6264
179.05 97.8208
182.781 111.129
187.216 124.119
194.096 135.822
203.103 144.837
214.352 150.835
227.659 152.062
241.164 149.183
252.985 142.075
263.223 133.281
270.353 122.365
273.981 109.511
275.98 96.0778
277.76 83.1273
279.819 68.9943
178.821 57.7899
183.379 47.6035
193.126 42.3608
204.42 41.9545
214.702 45.1572
236.799 43.7368
246.563 40.515
257.251 41.2122
266.399 46.5801
270.548 56.0599
226.253 62.9415
226.344 73.1706
226.451 83.0068
226.578 92.9818
216.029 102.181
221.257 103.921
226.755 105.35
232.409 103.653
237.755 101.44
191.222 69.1373
197.263 63.0848
205.735 63.3055
213.229 69.8689
205.921 72.6472
197.113 73.039
239.02 68.5498
245.968 61.3543
254.286 61.0627
260.307 66.5536
255.155 70.4294
246.724 70.8285
209.52 121.259
216.356 116.836
222.48 114.809
226.97 116.228
232.279 114.395
238.912 115.991
246.187 119.676
239.414 124.176
232.967 126.327
227.352 127.031
222.573 126.873
216.148 125.263
212.751 120.801
222.692 119.364
227.245 119.807
232.637 118.902
242.689 119.546
232.575 120.047
227.194 121.166
222.568 120.625
