166.497 74.1704
168.08 84.9969
171.335 95.8063
175.974 106.864
181.488 117.715
188.097 127.892
196.899 135.629
207.403 140.396
219.626 141.33
232.299 138.104
243.216 131.891
252.852 123.45
260.201 113.996
265.346 102.932
267.95 90.1067
268.049 77.4816
267.587 65.0581
170.905 45.8005
172.688 35.1771
179.939 27.8512
189.567 24.9311
198.81 26.9324
216.465 23.7908
225.604 18.8956
236.726 19.7003
246.161 25.3087
251.933 34.5178
208.951 40.6385
209.265 46.0645
209.269 51.3008
209.244 56.959
203.267 75.7584
207.624 75.4515
212.202 75.0944
217.04 74.1066
221.879 72.8637
179.59 57.415
184.064 51.6033
190.849 49.8789
198.706 52.7212
192.527 55.7494
185.556 57.6902
223.323 48.6632
229.99 43.7628
237.393 43.72
243.985 47.8698
237.876 49.823
230.225 49.9165
198.066 104.539
201.615 91.7696
208.423 84.4023
213.503 84.9732
218.533 82.983
227.358 87.9283
233.748 99.2422
229.403 109.668
221.733 114.86
216.265 116.185
210.767 116.434
203.246 112.715
201.092 103.366
209.398 92.6197
214.291 91.5552
219.383 90.8513
230.37 98.7834
220.342 105.796
215.077 107.054
209.959 107.302
