173.544 71.1049
176.048 86.2406
179.367 101.405
183.388 116.031
188.94 130.206
196.431 143.131
205.097 154.307
215.307 162.201
228.624 164
241.774 160.32
251.512 150.81
260.123 139.078
267.452 126.431
272.077 112.491
274.338 98.0825
275.814 84.1672
277.443 69.537
179.317 58.459
184.836 48.7755
194.931 43.2914
207.133 41.32
218.514 43.7744
233.275 42.5848
243.398 38.8813
254.561 39.5154
264.76 43.7781
270.103 53.0398
225.873 54.7721
226.041 62.6588
226.152 70.4169
226.296 78.6578
215.49 88.5254
220.952 90.4715
226.661 92.249
232.668 90.132
238.078 87.7143
191.357 63.3185
197.385 58.3561
204.851 57.9672
211.932 61.8271
204.984 63.551
197.541 64.1937
239.913 60.1223
247.03 55.5666
254.451 55.5194
260.395 60.0434
254.616 61.2824
247.254 61.2626
207.466 118.226
211.517 104.304
220.043 99.903
226.862 101.169
233.721 99.5351
242.2 103.139
245.984 116.391
242.345 128.243
234.539 134.156
227.486 135.219
220.39 134.822
211.869 129.918
209.665 116.854
220.519 104.605
227.187 104.496
233.982 103.924
243.398 115.61
234.029 127.716
227.015 129.072
220.231 128.415
