173.936 68.595
175.672 81.1827
178.191 93.4891
180.974 105.965
184.701 118.363
191.281 129.432
200.482 138.23
211.95 144.028
225.129 145.91
238.687 143.854
249.808 137.896
259.687 129.958
267.101 119.938
270.954 107.838
273.07 94.7541
275.003 82.5578
277.022 69.5238
180.41 56.2496
184.932 46.0944
194.928 40.3627
206.677 38.5247
217.837 41.355
236.014 40.9737
246.307 37.9472
257.406 39.1049
267.005 44.7774
270.716 55.3912
227.013 56.8179
227.004 65.5768
227.028 74.0585
227.005 82.7988
215.344 93.0369
220.727 94.8443
226.437 96.132
232.103 95.0301
237.437 93.26
192.853 64.1968
199.12 59.3928
206.357 59.2711
213.287 63.9336
206.547 66.0429
198.954 66.5999
239.744 63.4134
247.122 58.5434
254.417 58.7487
260.016 63.3848
254.41 65.7769
246.869 65.497
206.277 112.798
214.012 108.543
220.507 106.764
225.64 108.474
231.116 106.733
237.622 108.709
244.786 112.761
237.486 116.007
230.965 116.699
225.24 117.144
219.985 116.705
213.486 115.622
209.504 112.393
220.313 110.629
225.569 111.422
231.149 110.682
241.384 112.451
230.939 111.509
225.342 112.209
220.17 111.427
