165.076 72.4128
166.795 83.886
169.884 95.2371
174.663 106.375
180.455 117.343
187.299 127.57
195.824 135.939
206.214 140.854
218.871 141.608
232.075 138.542
242.511 131.863
251.567 122.59
258.551 112.16
262.957 100.655
265.578 87.8704
266.44 75.3406
266.502 62.6441
170.081 46.497
171.993 36.1819
179.091 28.57
188.911 25.0112
198.513 26.7654
216.503 23.1942
226.054 18.8871
237.239 20.2885
246.506 26.0858
251.965 35.4808
208.721 40.5608
209.103 45.9316
209.305 51.1815
209.475 56.7977
202.756 74.9864
207.325 74.8224
211.8 74.5999
216.886 73.6383
221.848 72.3457
179.134 56.9961
183.903 51.6149
190.856 49.7296
198.346 52.161
192.154 55.3793
185.193 57.2744
222.995 48.181
229.748 43.7612
237.245 43.8125
243.691 47.7526
237.602 49.8595
229.839 49.8067
197.677 104.626
200.868 91.0049
207.697 83.6115
213.18 84.3376
218.369 82.4092
227.204 87.3533
233.379 99.8209
229.19 109.66
221.533 114.801
215.681 116.041
209.695 116.024
202.495 112.641
200.886 103.321
208.669 91.1409
213.944 90.3561
219.222 89.7793
229.913 98.9987
220.154 105.732
214.639 106.861
209.135 106.935
