172.91 77.1601
175.298 91.097
178.993 104.593
183.017 117.85
187.448 131.02
194.684 143.076
204.091 152.507
215.809 159.332
229.332 161.119
244.206 158.854
257.438 151.563
269.01 142.433
277.453 131.27
282.236 118.438
284.699 104.145
286.444 90.0844
288.467 74.7726
178.621 65.5482
184.28 56.2355
194.745 52.1433
206.098 51.6534
217.224 53.7
235.214 52.7427
245.632 50.2924
256.583 51.0463
266.858 55.1053
272.896 63.6982
227.163 73.8423
227.328 85.2198
227.454 96.0871
227.656 106.908
216.384 113.877
222.006 116.196
227.887 117.865
233.515 115.902
238.849 113.302
191.594 76.8429
197.841 71.6447
206.232 72.2648
213.377 78.7702
205.712 80.8728
197.269 80.8583
240.078 78.092
246.712 71.0501
255.281 70.4669
262.075 75.3569
256.191 79.321
247.667 79.9341
209.047 130.471
216.532 127.414
222.678 125.985
227.524 127.323
232.907 125.547
240.055 126.418
248.292 128.929
240.768 133.836
233.907 135.627
228.332 136.351
223.127 136.041
216.678 134.747
212.312 130.445
222.907 130.218
227.819 130.678
233.338 129.798
244.788 129.285
233.478 130.135
227.963 130.922
222.978 130.487
