180.466 65.2886
181.783 77.8025
183.979 89.6873
186.524 101.821
189.777 114.249
196.306 125.372
205.411 134.097
217.063 140.299
230.88 142.151
244.635 140.092
255.904 133.915
265.267 125.757
272.205 115.543
275.859 103.501
278.703 91.1138
281.229 79.1277
283.176 66.2657
187.453 54.4155
192.655 44.1217
203.2 38.6032
215.257 37.0828
226.233 40.3613
242.569 39.8286
252.963 37.0698
263.941 38.5284
273.288 43.9959
277.514 54.0131
234.437 54.7398
234.348 63.6386
234.276 72.2303
234.182 81.1534
221.91 90.8302
227.645 92.5585
233.267 93.9114
238.906 92.8496
244.289 91.2869
199.355 61.4264
205.736 56.6744
213.136 56.6728
220.098 61.6676
213.203 63.3912
205.472 63.7774
246.528 61.7031
254.01 56.7416
261.34 56.8837
266.9 61.5576
261.434 63.8253
253.842 63.5886
211.867 109.325
219.811 104.848
226.705 102.928
231.916 104.706
237.741 103.165
244.781 105.755
252.143 110.116
244.323 113.912
237.306 115.142
231.301 115.571
225.814 114.87
219.136 112.911
215.433 109.024
226.46 107.614
231.814 108.318
237.701 107.835
248.365 109.869
237.412 108.722
231.566 109.288
226.21 108.493
