164.692 73.6768
167.591 83.9705
170.922 93.642
175.114 103.577
179.667 113.428
186.184 122.246
195.357 128.306
206.682 130.922
219.865 130.486
233.478 127.722
244.552 123
254.551 115.814
261.458 106.567
264.417 95.4939
265.786 84.1099
266.258 72.7199
266.306 60.7408
168.324 49.8692
170.406 38.5511
178.047 30.468
188.717 26.0919
199.256 27.1054
214.788 24.1929
224.851 20.2868
236.505 21.7478
246.467 27.561
252.255 37.0214
208.686 42.5539
209.278 47.9066
209.739 53.1976
210.267 58.7942
202.726 76.1154
207.552 76.044
212.442 75.5075
217.696 74.5907
222.813 73.2071
178.812 58.8388
183.465 53.5609
190.341 51.7216
197.949 53.7646
191.918 57.2046
184.835 59.2732
223.081 49.2683
229.746 44.9622
236.97 45.0481
243.656 48.6318
237.472 50.6316
230.066 50.837
197.859 101.333
202.748 91.8613
208.652 86.4132
213.741 86.9177
218.95 84.5823
226.922 87.8148
234.605 95.4601
228.598 99.6531
221.618 101.889
215.914 103.072
210.727 103.478
204.327 103.067
201.089 99.8046
209.572 92.2427
214.477 91.5731
219.896 90.4797
230.947 94.7242
220.468 95.8547
214.977 96.9846
209.989 97.3444
