173.717 73.1187
175.96 85.9312
179.113 97.8397
182.412 110.043
185.988 122.127
192.33 133.033
201.549 141.348
213.499 147.003
227.047 148.478
240.924 146.487
252.393 140.507
262.082 132.467
268.916 122.069
272.02 109.755
273.59 96.7717
275.361 84.1646
277.493 70.3941
179.222 59.0841
184.317 49.5522
194.233 44.1243
205.972 42.4695
217.307 44.65
235.676 43.5468
245.806 40.1103
256.78 40.4556
266.686 45.2201
271.206 55.2061
226.63 59.9409
226.784 69.2017
226.93 78.249
227.029 87.5055
216.27 97.3172
221.586 98.7944
227.1 100.084
232.578 98.8717
237.901 97.0443
192.06 68.0022
198.125 62.9264
205.722 62.5504
212.808 67.3444
205.809 69.878
198.092 70.5084
239.888 66.0332
246.976 60.7844
254.511 60.7495
260.324 65.4788
254.692 68.2664
247.098 68.1094
207.79 116.672
214.859 112.147
221.393 110.124
226.562 111.675
231.963 109.898
238.744 111.79
245.953 116.042
239.123 119.226
232.311 120.27
226.599 120.784
221.327 120.451
214.702 119.35
210.816 116.236
221.435 114.592
226.695 115.165
232.274 114.352
242.459 115.809
232.13 114.795
226.525 115.645
221.365 114.944
