184.172 64.4496
184.572 78.1207
185.812 91.1416
187.295 104.079
189.562 117.402
195.789 129.088
204.616 138.685
216.408 146.297
230.514 149.835
244.807 148.408
256.564 141.853
265.718 133.124
272.634 122.869
276.949 111.409
280.426 99.4865
283.663 87.6511
286.47 74.7272
192.036 56.387
198.825 47.3675
210.121 43.4477
222.241 43.2364
233.099 47.6415
251.92 48.8183
262.081 45.9554
272.598 47.1746
281.636 52.9095
284.421 63.9426
241.518 63.2111
240.948 73.366
240.342 83.2599
239.597 93.2026
225.876 99.1831
231.599 101.672
237.504 104.19
243.265 103.229
248.749 101.455
204.16 65.1192
211.245 60.6597
219.126 61.5188
225.877 67.8248
218.332 68.5431
210.218 68.0564
252.642 70.2267
260.161 64.987
267.939 65.2177
273.483 70.595
268.02 72.5561
260.059 72.2204
213.328 113.478
222.286 111.831
230.201 111.549
235.552 113.8
241.282 112.797
247.75 114.638
255.184 117.464
246.635 121.942
239.964 123.032
233.94 122.956
228.146 121.784
220.571 118.735
217.034 114.243
229.634 115.686
235.3 117.129
241.013 116.819
251.346 117.971
240.431 116.53
234.673 117.008
229.032 115.557
