180.859 64.5785
182.406 77.4779
184.572 89.4932
186.871 101.364
189.696 113.86
196.148 124.894
205.522 133.519
217.385 139.535
231.245 141.606
245.195 139.9
256.509 133.631
265.74 125.123
272.548 114.699
275.833 102.791
278.426 90.5509
280.975 79.0299
283.161 66.5282
187.618 53.6331
193.32 43.8532
203.826 38.519
216.038 36.7748
227.061 40.2647
242.962 40.0727
253.499 37.2982
264.716 38.9133
274.249 44.3411
278.059 54.6933
235.156 54.6602
235.126 63.5365
235.132 72.088
235.105 80.9922
222.389 90.5331
228.076 92.3636
233.835 93.643
239.735 92.6476
245.284 91.0279
199.472 61.5646
206.15 57.5409
213.422 57.3778
220.631 61.4432
213.674 63.1111
206.089 63.5536
247.101 61.7524
254.926 57.9083
262.149 58.2774
267.99 62.2338
262.032 64.1737
254.503 63.7672
212.186 108.766
220.398 104.254
227.489 102.271
232.713 103.961
238.557 102.619
245.397 105.259
252.536 109.755
244.981 113.619
238.057 114.891
231.999 115.207
226.422 114.508
219.657 112.419
215.875 108.497
227.178 107.282
232.561 108.057
238.496 107.566
248.747 109.444
238.216 108.091
232.341 108.605
226.921 107.72
