172.925 70.2529
175.22 83.9339
178.598 96.9391
182.034 109.954
186.268 122.742
193.163 133.72
202.008 142.681
213.564 148.756
227.306 149.975
241.31 147.212
252.812 140.102
262.813 131.215
270.033 120.206
273.598 107.386
275.52 94.1745
277.279 81.0427
279.161 67.232
179.312 55.3602
184.115 45.7195
193.527 40.9945
204.432 40.4423
214.279 43.6266
235.757 41.907
245.592 38.7469
256.011 39.0905
265.295 43.9668
269.859 53.2508
225.588 61.5978
225.861 71.2964
226.118 80.6521
226.346 90.1316
215.109 100.047
220.435 101.78
226.049 103.012
231.589 101.63
236.855 99.742
190.501 67.6212
196.548 61.0442
205.107 61.0495
212.532 68.2077
205.253 71.1536
196.3 71.531
238.13 67.1789
245.201 59.401
253.731 58.927
259.686 64.9438
254.713 69.1527
246.006 69.5877
206.858 120.421
214.558 115.192
221.243 112.863
225.994 114.245
231.33 112.531
238.336 114.519
245.887 119.149
238.701 123.221
231.814 125.049
226.171 125.547
221.059 125.43
214.185 123.853
210.394 119.787
221.327 118.293
226.165 118.608
231.557 117.932
242.347 118.664
231.495 118.483
226.136 119.281
221.18 118.807
