172.939 68.649
174.657 82.0195
177.436 94.6113
181.068 107.422
185.417 120.394
192.11 132.136
200.698 141.882
212.192 148.607
226.054 150.216
240.375 147.882
251.989 140.609
261.906 131.494
269.373 120.386
273.484 107.714
275.841 94.2687
277.667 80.8931
279.132 67.1995
179.603 53.0495
183.971 43.6944
192.985 38.6384
203.557 38.033
213.372 41.1164
235.899 39.8085
245.181 36.2731
255.281 36.6659
264.21 41.7542
268.629 50.985
224.76 59.6256
224.921 69.5327
225.089 79.075
225.193 88.8226
214.371 98.7003
219.684 100.636
225.241 101.907
230.917 100.41
236.189 98.1821
190.353 66.2393
196.353 59.9873
204.871 59.9854
212.118 66.5508
204.856 69.671
196.017 70.1403
237.572 65.6041
244.615 58.6049
253.245 58.2356
259.314 63.8538
254.154 67.9114
245.405 68.2074
206.628 119.081
214.063 113.698
220.437 111.347
225.187 112.791
230.399 111.085
237.483 113.157
245.617 117.716
237.838 122.295
231.117 124.169
225.418 124.726
220.367 124.481
213.855 122.774
210.317 118.469
220.56 116.641
225.35 116.998
230.737 116.285
241.838 117.278
230.674 117.116
225.324 117.969
220.438 117.396
