169.738 70.6265
171.463 82.7962
174.749 94.7438
178.548 106.946
182.681 118.965
188.753 130.264
197.165 139.157
208.348 144.639
222.082 146.012
236.104 143.238
247.139 136.49
256.44 127.398
263.605 116.475
267.79 104.239
270.336 91.4562
271.698 78.9395
272.515 65.6346
174.455 49.2011
177.711 38.875
186.442 31.9217
197.385 29.616
207.924 32.093
225.448 30.6614
235.08 26.3945
246.004 26.9491
255.376 32.2692
259.979 41.842
217.652 46.8621
218.156 54.1368
218.604 61.2931
218.96 68.6915
209.719 84.0658
214.491 84.7364
219.523 85.1936
224.797 84.1874
229.821 82.6073
185.239 59.7829
190.609 54.7329
197.741 53.7765
205.214 57.1446
198.539 59.8259
191.276 61.1303
231.414 54.9279
238.262 50.3306
245.724 50.3844
251.687 54.6184
245.97 56.8469
238.5 56.776
201.66 109.25
207.257 99.9935
214.136 95.2793
219.584 96.6689
225.278 94.6228
232.79 98.4947
239.281 107.317
233.675 114.733
226.614 117.887
220.603 118.881
214.806 118.627
207.584 115.708
204.845 108.331
214.601 101.99
220.024 101.92
225.779 101.337
235.589 106.823
225.969 109.881
220.112 110.93
214.602 110.472
