164.973 78.1811
169.298 90.5338
173.943 102.171
178.694 114.149
183.809 125.736
190.911 135.851
200.539 143.139
212.415 147.211
226.019 146.754
239.46 143.171
250.906 136.166
260.657 127.504
267.849 116.518
270.428 103.629
270.533 90.0371
270.198 76.9133
270.222 62.3873
168.144 64.1763
170.604 52.8971
179.147 45.3167
190.31 41.8402
202.033 42.2887
219.066 39.5217
229.275 35.6291
240.663 35.6298
251.35 40.0475
257.567 49.1943
212.704 58.6098
213.75 67.7796
214.672 76.5918
215.609 85.5694
207.302 97.3985
212.438 98.0976
217.784 98.437
223.253 96.4864
228.639 94.4551
180.984 71.0422
185.86 65.5289
193.158 64.2175
201.046 68.1826
194.214 71.2865
186.667 72.7019
227.698 63.3202
233.96 57.3458
241.564 56.3682
248.215 60.1952
242.807 63.5808
235.007 64.2937
202.338 117.017
208.433 111.936
214.024 108.943
219.255 109.775
224.234 107.327
231.554 107.982
240.062 111.125
233.224 115.412
226.775 117.951
221.441 119.426
216.161 119.807
209.841 119.741
205.104 116.035
215.077 113.24
220.25 113.171
225.479 111.67
236.386 111.253
225.355 112.608
220.181 114.352
215.036 114.559
