168.312 72.3581
170.453 84.8102
174.262 96.7325
178.976 108.503
183.944 119.816
190.326 130.732
198.154 139.92
208.245 146.039
221.366 147.595
235.098 144.357
245.827 137.312
255.236 127.469
262.589 116.317
266.88 104.01
269.177 90.4862
270.096 77.5199
270.648 64.1078
174.37 47.7884
176.881 37.0524
185.398 29.6481
196.057 26.5114
206.39 28.7554
223.133 26.8682
232.753 22.4543
243.87 23.5694
253.248 29.2284
257.747 38.9079
215.426 42.479
215.823 49.0402
216.11 55.5731
216.325 62.2637
208.56 79.0973
212.995 79.3134
217.617 79.4284
222.533 78.4443
227.292 77.205
184.185 57.5365
189.577 51.8765
196.96 50.6513
204.015 54.1856
197.779 57.0331
190.438 58.3802
229.194 51.4213
235.885 46.4779
243.55 46.6072
249.665 51.2987
243.814 53.2643
236.131 53.2034
201.703 107.649
205.732 95.3425
212.879 89.0882
218.192 90.0679
223.88 88.1348
232.2 92.937
237.753 105.059
233.618 114.927
226.021 120.186
219.963 121.548
214.075 121.395
206.511 117.15
204.834 106.744
213.512 96.764
218.739 96.2838
224.361 95.9157
234.242 104.496
224.981 111.082
219.205 112.352
213.779 112.072
