169.011 71.2058
171.061 83.2452
174.299 95.2468
178.49 107.402
183.521 119.074
189.859 130.191
197.939 139.279
208.415 145.129
221.606 146.515
235.347 143.544
246.131 136.377
255.1 126.504
262.061 115.248
266.259 102.647
268.936 89.3248
270.396 76.5775
271.085 62.979
174.748 47.943
177.823 37.6158
186.149 30.7891
196.96 27.8169
207.257 30.0778
223.817 28.232
233.449 24.1535
244.471 25.1111
253.749 30.39
258.662 39.7999
216.416 44.3025
216.87 50.9755
217.256 57.547
217.562 64.3664
208.941 80.8094
213.675 81.1498
218.468 81.4991
223.488 80.5112
228.431 79.186
184.812 58.2384
189.984 52.8887
197.291 51.7908
204.506 55.071
198.134 57.9472
190.817 59.3282
230.127 52.6733
236.925 47.9685
244.547 48.066
250.537 52.513
244.702 54.588
237.078 54.5459
201.678 108.495
206.316 96.7312
213.451 91.0603
218.832 92.1473
224.52 90.1482
232.447 94.6571
238.138 106.228
233.423 115.134
226.121 119.647
219.98 120.746
214.1 120.562
206.596 116.633
204.714 107.396
213.975 98.1585
219.318 97.8714
225.009 97.2956
234.794 105.42
225.232 111.014
219.364 112.244
213.83 111.83
