170.46 70.3585
172.569 82.7904
175.904 94.6107
179.349 106.555
183.009 118.732
189.744 129.529
199.234 137.664
211.003 143.096
224.386 143.843
237.886 141.575
249.161 135.339
259.391 127.321
266.742 117.056
269.985 105.088
271.817 92.4313
273.29 80.1302
274.379 67.1976
175.978 54.3372
180.305 44.5582
189.609 38.2791
200.861 36.7068
211.92 39.053
230.694 37.6975
240.493 33.9749
251.316 34.2049
261.042 39.6982
265.378 49.9373
221.668 55.1007
221.904 63.7685
222.138 72.2932
222.308 80.9602
212.184 92.513
217.36 93.5947
222.643 94.3552
227.974 93.277
233.124 91.71
188.17 64.492
194.052 59.7213
201.456 59.2084
208.626 63.4597
201.826 66.1631
194.151 66.9386
235.15 61.8256
242.147 56.6927
249.737 56.644
255.512 61.1302
249.983 63.9378
242.348 63.9356
203.892 112.032
210.858 106.974
217.367 104.227
222.38 105.723
227.818 103.928
234.703 106.485
242.648 110.67
234.943 114.035
228.363 115.065
222.654 115.705
217.487 115.509
210.944 114.537
206.913 111.511
217.499 109.22
222.6 109.632
228.173 108.899
239.092 110.541
228.018 109.129
222.437 109.941
217.431 109.528
