162.888 78.534
166.843 89.1084
171.038 99.1341
175.228 109.464
179.804 119.64
186.907 127.998
197.222 133.27
209.295 134.993
222.353 133.73
235.307 130.499
246.554 125.779
255.808 119.126
261.963 109.364
263.68 97.7012
264.029 85.6334
264.264 74.38
264.36 62.2097
164.933 55.9469
166.513 44.2639
173.987 36.1539
184.299 31.722
194.826 32.2548
211.978 29.0079
222.104 24.9144
233.774 26.0188
244.248 31.6019
250.899 40.983
206.123 47.9246
207.104 54.8292
207.957 61.5276
208.85 68.5377
202.451 83.8523
206.821 83.9167
211.37 83.7269
216.189 82.3925
220.86 80.8464
176.282 64.3172
180.546 58.5974
187.556 56.8694
195.339 59.7214
189.219 63.2695
182.048 65.2351
221.168 54.5365
227.615 49.2315
234.935 48.8465
241.517 52.7849
235.82 55.1901
228.422 55.7343
197.866 106.893
202.955 99.2847
208.371 94.5714
212.827 95.0643
217.378 92.8059
224.553 95.0085
233.061 99.807
226.608 102.956
220.49 104.583
215.699 105.809
211.055 106.373
204.966 106.918
200.74 105.35
209.411 100.264
213.833 99.7216
218.641 98.5068
229.238 99.5486
219.013 98.9153
214.292 100.188
209.836 100.679
