174.076 68.8806
175.881 81.7214
178.625 94.1215
181.643 106.233
185.168 118.352
191.479 129.249
200.463 137.661
211.868 143.478
225.124 145.263
238.623 143.665
249.816 137.685
259.173 129.659
266.187 119.213
269.902 107.056
272.492 94.3044
274.687 82.0871
276.925 68.8752
180.19 56.3762
184.963 46.2615
195.071 40.5918
206.901 38.8876
218.047 41.5819
235.874 41.157
246.199 37.9595
257.193 38.9461
266.759 44.4836
270.541 54.763
227.033 56.9738
227.101 65.813
227.142 74.2921
227.057 83.1156
215.579 93.8414
220.937 95.4439
226.433 96.5719
232.058 95.5619
237.442 93.8837
192.497 64.3663
198.883 59.4194
206.284 59.152
213.497 63.9527
206.571 66.2336
198.82 66.8138
239.496 63.4184
247.099 58.4421
254.557 58.6222
260.156 63.4343
254.536 65.9403
246.869 65.5413
206.537 112.943
214.027 108.506
220.658 106.75
225.693 108.394
231.132 106.717
237.555 108.642
244.953 113.011
237.296 116.53
230.795 117.411
225.129 117.84
219.943 117.368
213.443 115.888
209.804 112.528
220.474 110.9
225.638 111.617
231.202 110.907
241.417 112.722
230.809 111.997
225.268 112.733
220.16 111.955
