172.3 69.6606
173.87 82.7346
176.174 94.6703
178.915 106.74
182.333 119.07
189.392 129.759
199.056 138.531
211.331 144.695
225.262 146.444
239.806 144.456
252.147 137.996
262.744 130.04
270.958 119.731
274.867 107.253
276.521 93.9386
277.676 81.2148
278.748 67.3956
177.773 60.3593
182.394 49.927
192.607 43.7225
204.527 41.5019
215.671 44.1901
233.742 43.3538
244.278 39.8991
255.794 40.9594
265.975 46.3163
270.827 56.6984
225.235 58.8702
225.301 68.6532
225.256 78.2061
225.171 87.9626
212.301 95.2183
218.669 96.9797
225.089 98.7429
231.524 97.0018
237.88 95.1202
190.033 65.7449
196.224 61.2015
203.496 61.0255
210.744 65.8865
203.596 67.1404
196.126 67.498
238.883 64.7859
246.202 59.394
253.699 59.1393
260.073 63.6091
254.052 65.7654
246.283 65.94
200.989 109.447
210.264 107.496
218.182 106.528
224.386 108.123
230.673 106.477
239.389 107.423
249.629 108.887
239.325 113.262
230.923 114.798
224.265 115.3
217.861 114.819
209.976 113.072
204.464 109.678
218.107 110.523
224.469 111.277
230.917 110.364
245.977 109.328
230.791 109.737
224.333 110.505
217.969 109.699
