173.2 68.1036
175.186 80.9685
178.055 93.007
180.677 105.189
183.856 117.568
190.088 128.729
199.113 137.572
210.941 143.341
224.598 145.002
238.115 143.141
249.22 136.937
258.679 128.465
265.592 118.02
269.024 105.883
271.677 93.4518
274.069 81.3332
276.131 68.3156
179.894 55.2349
184.874 45.7325
194.758 40.4813
206.332 38.8302
217.049 41.6982
235.171 41.1134
245.689 38.3245
256.548 39.3013
265.935 44.5299
269.964 54.501
226.411 56.6087
226.473 65.3907
226.558 73.9081
226.593 82.7413
214.806 93.1528
220.158 94.8578
225.73 96.1044
231.237 95.077
236.445 93.2642
191.709 63.9334
198.064 58.9534
205.662 58.7955
212.559 63.6812
205.692 65.9186
197.835 66.4266
238.809 63.2948
246.237 58.3957
253.871 58.5953
259.434 63.4091
253.943 65.9594
246.204 65.5823
205.364 112.478
213.216 108.225
219.887 106.551
224.921 108.439
230.444 106.628
237.082 108.709
244.204 112.84
236.854 116.204
230.2 117.164
224.53 117.594
219.323 117.067
212.653 115.585
208.791 112.313
219.746 110.91
224.917 111.777
230.537 111.004
240.759 112.582
230.273 111.546
224.668 112.338
219.586 111.469
