176.3 67.4195
178.307 81.8201
181.34 95.4696
184.507 108.887
188.708 122.609
195.431 135.196
203.867 146.14
214.626 153.762
227.542 156.276
240.823 153.483
251.216 145.171
259.87 134.263
267.003 122.249
271.593 108.697
274.487 94.7803
277.055 81.0462
279.26 66.2883
182.322 54.7109
187.563 45.6434
197.39 40.3416
208.897 38.2214
219.612 40.3588
237.413 39.4993
247.774 36.83
258.728 38.0721
268.214 42.9374
272.658 52.2521
228.898 54.0386
229.208 63.1864
229.531 72.1091
229.824 81.4898
218.427 90.8612
223.756 92.9026
229.213 94.3992
234.961 92.8949
240.045 90.7581
193.918 62.1223
200.008 56.9002
207.601 56.5654
214.773 61.0236
207.775 62.9362
200.121 63.5316
242.137 60.2367
249.278 55.4833
256.87 55.4633
262.559 60.1852
256.968 62.1169
249.367 61.9145
208.744 115.101
214.132 105.956
222.397 102.701
228.726 104.325
235.22 102.646
243.147 105.623
247.47 114.135
242.674 124.995
235.007 130.285
228.02 131.337
221.305 130.691
213.384 125.741
211.466 114.584
222.506 107.174
228.802 107.543
235.266 107.007
244.622 113.81
234.851 123.29
228.079 124.448
221.643 123.762
