174.285 68.2843
175.91 80.6331
178.183 92.3203
180.814 104.38
184.107 116.68
190.529 127.594
199.954 136.348
211.567 142.748
225.179 144.852
239.016 143.492
250.634 137.433
260.432 129.487
267.7 119.452
271.447 107.484
273.694 94.6971
275.58 82.3214
277.483 69.0882
181.297 55.1559
186.042 45.472
195.92 39.8564
207.57 38.2972
218.353 41.1788
236.056 40.694
246.293 37.4875
257.386 38.5516
266.956 44.1423
270.806 54.5679
227.222 56.5575
227.313 65.1274
227.404 73.4479
227.405 82.1788
216.057 92.7452
221.364 94.4651
226.896 95.7757
232.321 94.7417
237.505 92.9039
193.069 63.8175
199.226 59.1505
206.666 59.0112
213.605 63.4916
206.697 65.7328
199.061 66.288
239.931 63.3096
247.211 58.7256
254.717 58.8497
260.364 63.475
254.742 65.8511
247.055 65.49
206.423 112.012
214.149 107.551
220.921 105.704
225.876 107.454
231.159 105.793
237.701 107.937
244.811 112.234
237.65 115.673
231.128 116.456
225.671 116.751
220.426 116.312
213.792 114.94
209.944 111.746
220.766 110.002
225.878 110.818
231.236 110.127
241.379 111.901
231.206 111.109
225.789 111.754
220.706 110.957
