174.689 69.6752
177.037 82.3898
180.441 94.1488
183.507 106.21
186.61 118.714
192.956 129.544
202.08 137.89
214.118 143.201
228.098 144.28
241.875 142.289
253.291 136.895
262.89 128.905
269.553 118.75
272.825 106.709
275.078 93.9223
277.051 81.6022
278.74 67.851
180.526 57.0936
185.65 47.5149
195.77 42.4577
207.484 40.2154
218.778 41.5255
232.505 40.7878
243.038 39.0154
254.482 41.2839
264.449 46.161
269.53 55.5824
226.557 57.21
226.858 66.2386
227.076 75.0002
227.26 84.0822
216.64 94.1792
221.865 95.7532
227.352 96.9193
232.787 95.854
237.952 93.9686
192.315 63.9866
198.246 58.7881
205.985 58.4972
213.379 63.8489
206.226 66.1048
198.335 66.7732
239.441 63.2217
246.488 57.5434
254.121 57.5683
260.115 62.5723
254.544 65.3517
246.736 65.2089
211.091 114.726
216.431 109.045
222.27 106.496
227.499 108.038
233.023 106.366
239.444 108.749
246.104 114.652
239.917 116.235
233.573 116.642
227.892 117.091
222.452 116.632
216.509 115.845
214.027 113.541
222.478 110.82
227.768 111.349
233.393 110.743
242.755 113.61
233.236 111.026
227.646 111.663
222.337 110.994
