174.236 67.7625
176.015 80.5988
178.464 92.9539
181.225 105.297
184.638 117.532
191.146 128.551
200.383 137.246
212.094 142.969
225.476 144.739
238.889 143.211
249.789 137.383
259.312 129.48
266.605 118.908
270.471 106.891
272.974 93.8869
275.163 81.5903
277.572 68.2325
180.641 55.5556
185.459 45.5201
195.606 39.9175
207.476 38.306
218.703 41.3743
235.675 40.8572
246.199 37.5367
257.461 38.5911
267.095 44.2923
270.962 54.7676
227.33 56.4631
227.369 65.2001
227.439 73.7267
227.422 82.6128
215.884 93.0625
221.246 94.7423
226.887 95.9772
232.471 94.9155
237.899 93.142
192.994 64.2527
199.305 59.878
206.584 59.6059
213.588 63.8839
206.708 66.1935
199.118 66.7124
240.156 63.4526
247.657 59.0758
254.96 59.1572
260.632 63.5663
255.002 66.0377
247.51 65.6779
207.135 111.921
214.586 107.949
221.169 106.21
226.14 107.905
231.466 106.238
237.951 108.293
245.439 112.602
237.84 115.848
231.253 116.552
225.764 116.948
220.683 116.585
214.175 115.22
210.367 111.637
221.042 110.21
226.124 110.864
231.557 110.248
241.95 112.261
231.275 111.298
225.88 111.973
220.853 111.244
