173.264 77.0658
175.478 91.4366
179.109 105.462
183.419 118.896
188.243 132.168
196.15 143.979
205.936 153.048
217.636 159.3
230.843 160.708
245.22 157.92
257.882 150.754
269.216 141.719
277.697 130.776
282.682 117.985
285.123 104.085
286.477 90.0617
288.027 74.9096
179.15 65.0223
184.985 55.482
195.579 51.2523
207.383 50.3566
218.608 52.5615
236.294 51.5303
247.007 49.1643
258.004 50.2868
268.09 54.8122
273.757 63.722
228.221 72.3785
228.429 83.7109
228.592 94.4028
228.832 105.157
217.243 112.747
223.059 114.862
229.002 116.429
234.763 114.55
240.084 112.157
192.306 76.6164
198.607 71.3979
206.902 71.8587
214.044 77.9712
206.562 80.0067
198.131 80.1878
240.807 77.2799
247.689 70.4962
256.193 70.0841
262.723 74.9465
256.946 78.6719
248.413 79.1646
209.46 130.245
217.382 127.129
223.736 125.616
228.34 126.906
233.729 125.162
240.851 126.17
249.033 128.073
241.483 133.368
234.755 135.407
229.187 136.191
224.246 136.029
217.487 134.681
212.933 130.159
223.887 129.799
228.591 130.295
234.149 129.336
245.539 128.501
234.279 129.933
228.785 130.753
223.967 130.39
