174.584 69.3776
177.127 81.9787
180.547 93.6154
183.458 105.932
186.452 118.319
192.847 129.172
202.441 137.875
214.706 142.899
228.553 143.953
242.26 141.866
253.552 135.925
262.961 126.979
269.53 116.429
272.775 104.362
274.997 92.0375
277.131 79.975
278.618 66.7076
180.521 57.5305
185.673 48.106
195.682 43.1188
207.33 40.8746
218.681 42.0377
232.756 41.4843
243.596 39.9551
255.047 42.5073
264.753 47.4868
269.918 56.4658
226.786 57.3286
227.1 66.2015
227.382 74.756
227.602 83.6654
217.136 93.9228
222.358 95.5209
227.713 96.7043
232.999 95.529
237.955 93.6254
192.3 63.9218
198.306 58.6869
206.198 58.4186
213.69 63.9205
206.647 66.0234
198.53 66.7129
239.368 63.1551
246.443 57.6336
254.174 57.7421
260.283 62.746
254.618 65.3572
246.766 65.2173
210.469 113.825
216.561 108.686
222.595 106.322
227.613 107.922
233.115 106.249
239.781 108.615
246.593 113.902
240.099 116.558
233.586 117.432
227.851 117.938
222.621 117.418
216.439 116.481
213.674 112.98
222.827 111.069
227.918 111.599
233.576 110.974
243.043 113.158
233.278 111.174
227.677 111.795
222.579 111.212
