174.748 68.677
176.956 82.0185
180.086 94.4223
182.895 106.838
186.121 119.228
192.331 130.469
201.589 139.127
213.791 144.64
228.011 146.19
241.778 144.173
253.308 137.785
262.791 129.266
269.536 118.074
272.704 105.625
274.821 92.78
277.212 80.7412
279.316 67.2132
181.492 55.7381
186.426 45.6651
196.353 40.0705
207.912 39.0443
218.793 42.025
237.531 41.2842
247.77 37.7145
258.766 38.2489
268.3 43.7126
272.375 54.0054
228.419 57.7128
228.587 66.8261
228.765 75.6712
228.935 84.8257
217.337 94.6947
222.722 96.3893
228.354 97.564
233.83 96.3849
238.996 94.5685
193.993 65.1996
200.149 60.5196
207.6 60.3783
214.759 65.0955
207.868 67.2276
200.147 67.7824
241.145 64.32
248.582 59.5004
255.945 59.5577
261.654 64.0109
256.15 66.6066
248.5 66.4009
208.381 113.516
216.165 109.225
222.739 107.432
227.799 108.955
233.293 107.255
240.001 109.161
247.403 113.341
239.996 116.725
233.302 118.077
227.642 118.655
222.439 118.359
215.679 117.2
211.695 113.174
222.723 111.704
227.889 112.279
233.497 111.525
243.864 112.939
233.246 112.071
227.593 113.017
222.506 112.365
