174.105 76.593
176.703 90.6522
180.47 104.243
184.415 117.658
188.769 130.584
195.948 142.327
204.745 151.523
216.057 158.09
229.647 159.53
243.772 156.659
255.485 148.65
265.68 139.012
273.297 127.456
277.723 114.63
279.927 100.913
281.456 87.6881
283.362 73.1027
179.551 65.1345
185.259 55.394
195.849 51.0539
207.515 50.2927
218.671 52.9358
236.417 51.471
246.992 48.8804
258.016 49.9432
268.096 54.469
273.205 63.7762
228.063 72.1143
228.207 83.5349
228.31 94.3663
228.489 105.307
217.169 112.824
222.785 115.006
228.455 116.743
233.95 114.959
239.19 112.78
192.399 76.4408
198.643 71.2618
206.973 71.6865
214.175 77.8526
206.703 79.8145
198.241 80.0524
240.924 76.9244
248.038 70.3617
256.283 70.0174
262.565 74.8437
256.954 78.5824
248.655 78.9048
209.207 129.806
216.852 126.802
223.318 125.339
228.087 126.761
233.542 124.968
240.068 126.072
247.406 128.341
240.354 134.122
234.053 136.46
228.459 137.246
223.301 136.96
216.528 134.955
212.513 129.797
223.501 129.545
228.402 130.208
233.897 129.157
243.822 128.875
233.725 129.99
228.23 131.071
223.281 130.502
