164.319 75.1293
167.374 85.0779
170.844 94.3073
174.652 103.869
178.862 113.439
185.545 121.594
195.505 126.725
207.36 128.349
220.732 127.272
234.143 124.793
245.348 120.629
255.041 113.858
261.545 104.91
263.965 94.0774
264.92 83.1519
265.573 72.0488
265.513 60.4925
167.517 51.0681
169.493 40.2314
176.662 32.1628
186.87 27.6847
197.639 28.2638
214.134 25.5457
224.064 21.8134
235.401 23.2911
245.182 28.6752
251.408 37.7889
207.731 44.016
208.509 49.7128
209.107 55.2505
209.723 61.1378
202.904 78.0302
207.372 77.7159
212.008 77.3001
216.937 76.4396
221.804 75.0767
177.998 60.3551
182.307 54.7033
189.185 52.8849
196.969 55.4108
190.741 58.8622
183.627 60.8972
222.173 50.7578
228.594 45.9804
236.077 45.9016
242.814 49.7678
236.694 52.012
229.142 52.2942
196.831 101.085
202.425 93.2036
208.354 87.9802
213.175 88.3668
217.706 86.1332
225.259 88.7747
233.837 94.5096
227.034 97.5149
220.685 99.4435
215.638 100.788
210.726 101.253
204.271 101.762
199.855 99.7484
209.313 94.1517
214.088 93.4575
218.859 92.3721
229.754 94.1248
219.225 93.2103
214.387 94.4862
209.673 95.0125
