169.7 69.9311
171.898 82.3269
175.244 94.2033
178.933 106.275
182.608 118.186
189.042 128.817
198.12 136.961
209.519 142.174
223.048 143.402
237.028 141.061
248.46 134.969
258.475 126.98
265.557 116.82
268.967 104.96
270.878 92.4173
272.518 80.3037
273.867 67.4982
175.683 54.254
179.846 43.8682
189.288 37.3845
200.769 35.6318
211.79 38.1991
229.202 36.9829
239.246 32.9481
250.461 33.2711
260.478 38.7466
265.039 49.1365
221.17 54.0457
221.375 62.6326
221.582 71.0293
221.676 79.6515
211.768 91.255
216.793 92.5292
222.059 93.3586
227.51 92.3082
232.705 90.6043
187.936 64.0168
193.709 59.3023
200.91 58.6272
208.194 62.4758
201.461 65.1565
193.96 66.0889
234.825 60.8393
241.777 56.2866
249.062 56.3585
254.913 60.5958
249.315 63.2051
241.829 63.0985
203.261 112.186
210.472 106.695
216.979 103.608
221.787 104.926
227.079 103.181
233.736 105.871
241.341 110.833
234.14 114.685
227.697 116.105
222.135 116.78
217.136 116.524
210.658 115.063
206.804 111.59
217.081 108.844
221.967 109.11
227.39 108.426
237.643 110.544
227.365 109.566
221.974 110.327
217.139 109.91
