160.833 81.0403
165.406 92.6342
170.509 103.612
175.629 114.178
180.799 125.254
188.607 134.318
199.16 140.362
211.744 143.365
225.213 142.553
238.156 138.86
249.807 132.289
259.765 124.121
266.708 113.444
268.886 100.411
268.413 86.9787
266.679 74.134
265.206 60.6081
163.164 60.8032
165.23 50.2487
172.662 43.0438
182.631 39.4705
192.56 39.9551
211.441 36.1447
220.843 31.4077
231.871 31.5374
242.296 35.6959
249.582 43.6742
205.579 56.1807
207.122 64.3527
208.514 72.3044
209.982 80.4725
203.528 94.2215
208.341 94.5319
213.216 94.545
217.991 92.5086
222.805 90.342
175.517 70.5609
179.864 64.7605
186.966 63.1181
194.905 66.6587
188.558 70.2385
181.231 71.9599
221.032 60.506
226.683 54.2432
234.237 53.1668
241.35 56.8616
235.851 60.1954
228.2 61.3215
200.472 115.131
205.346 108.362
210.332 104.234
215.119 104.793
219.739 102.136
227.304 103.429
236.049 107.276
229.879 111.411
223.808 113.858
218.696 115.474
213.838 116.149
207.875 116.818
203.031 113.707
211.771 109.866
216.469 109.436
221.415 107.794
232.349 107.319
221.655 108.483
216.723 110.175
212.039 110.682
