174.246 69.2493
176.458 82.047
179.663 93.9081
182.865 106.187
186.668 118.763
193.575 129.609
203.029 138.261
214.733 143.318
228.515 144.023
242.297 141.656
253.356 135.571
262.637 126.759
269.288 116.28
272.507 104.262
274.502 91.9824
276.156 80.3377
277.734 67.4092
180.623 57.0342
186.061 47.4198
196.132 42.4677
207.774 40.3598
218.685 41.8862
233.809 41.2051
243.996 39.3396
254.94 41.6478
264.438 46.6087
269.489 55.539
227.034 57.3471
227.336 66.4206
227.567 75.2035
227.795 84.2408
216.383 94.5205
222.027 95.9037
227.57 97.0506
232.911 95.8534
238.124 94.2741
192.091 63.5295
198.258 58.3555
206.168 58.2543
213.307 63.7438
206.262 65.7799
198.261 66.3994
239.591 63.2229
246.653 57.531
254.454 57.6201
260.319 62.5171
254.827 65.12
247.035 65.0945
208.131 115.005
214.944 108.804
221.782 106.142
227.36 107.797
233.357 105.988
240.295 108.509
247.146 113.953
240.566 116.542
233.891 117.619
227.689 118.116
221.892 117.621
214.949 116.611
211.535 114.034
221.888 111.272
227.586 111.871
233.66 111.134
243.521 113.209
233.554 111.075
227.529 111.79
221.853 111.233
