174.624 67.291
175.367 80.2886
177.282 92.587
179.806 105.014
183.466 117.594
190.696 128.905
200.711 138.262
213.136 144.856
227.47 146.676
241.562 144.473
253.299 137.78
263.266 129.106
270.924 118.111
274.682 105.636
276.625 92.3445
277.748 79.9658
278.426 66.4978
180.453 58.003
185.429 47.693
195.825 41.6826
207.887 39.9519
218.826 43.066
237.008 42.3789
247.032 38.4845
258.291 39.0884
268.152 44.6422
272.55 54.8191
228.076 58.4386
228.272 68.0494
228.36 77.3529
228.485 87.0304
214.493 94.0974
221.097 95.997
227.652 97.9264
234.367 96.3475
240.938 94.5959
192.236 64.2187
198.852 59.9397
206.17 60.0391
213.721 65.008
206.249 65.8658
198.692 65.9562
240.805 64.7488
248.615 59.4727
255.928 59.1419
262.117 63.6048
256.15 65.5253
248.479 65.6806
201.565 106.986
211.743 105.052
220.557 104.424
226.936 106.066
233.675 104.549
242.696 105.386
253.116 107.006
242.536 112.614
233.693 114.772
226.686 115.359
220.002 114.649
211.396 112.244
205.199 107.521
220.326 108.514
226.907 109.274
233.663 108.508
249.72 107.493
233.677 110.038
226.898 110.673
220.274 109.792
