166.431 73.0509
168.073 84.7397
171.6 96.2524
176.579 107.49
182.613 118.179
189.452 128.456
197.895 137.011
207.923 141.894
220.395 143.156
232.715 139.839
242.538 133.277
251.001 123.896
257.614 113.712
262.653 102.553
265.809 90.2082
267.04 77.6126
267.555 65.076
171.671 43.5355
174.101 33.0841
181.681 25.2801
191.864 21.9864
201.375 24.1916
217.946 21.0211
227.515 16.4496
238.842 17.7642
248.403 24.3004
253.185 34.3807
210.121 38.324
210.328 42.7077
210.325 46.9438
210.327 51.7225
204.299 71.4362
208.525 70.9062
212.83 70.3761
217.33 69.7253
221.928 68.8503
180.437 54.9135
185.352 49.1636
192.161 47.259
199.697 50.0701
193.575 53.2922
186.623 55.1739
224.205 46.2798
230.716 41.7457
238.184 41.935
244.755 46.4412
238.406 48.1511
230.834 47.9584
199.212 104.01
201.762 88.8846
208.968 80.5462
213.966 81.0669
218.666 79.2877
227.891 85.3912
233.798 99.3469
230.164 111.846
222.261 117.87
216.912 119.054
211.397 119.194
203.59 114.603
202.272 102.432
210.02 88.8167
214.734 87.6277
219.379 87.2126
230.462 98.3648
220.805 108.932
215.835 110.06
210.803 110.054
