170.893 70.5154
173.019 83.0373
176.307 94.909
179.974 106.992
183.492 119.195
190.134 130.155
200.066 138.585
212.309 143.601
226.473 144.193
240.429 141.417
251.932 135.131
262.032 127.237
268.969 116.916
271.656 104.671
272.821 91.8648
274.009 79.8669
274.919 67.0788
176.128 55.437
180.334 44.8471
190.017 38.0877
201.475 36.5526
212.551 39.3077
230.754 38.0488
240.879 34.1317
252.14 34.5313
262.197 40.3506
266.591 50.6595
222.505 54.9417
222.843 63.508
223.202 71.9338
223.482 80.6273
212.814 92.3665
218.232 93.6104
223.696 94.4819
229.299 93.2627
234.663 91.4394
188.934 64.1828
194.723 59.1809
202.209 58.9071
209.339 63.5011
202.565 65.8992
194.742 66.5998
235.697 61.8665
242.875 56.4978
250.407 56.4228
256.339 60.9924
250.73 63.7023
243.019 63.7553
204.224 111.999
211.818 107.172
218.302 104.69
223.289 106.096
228.736 104.233
235.814 106.243
244.128 109.719
236.356 113.591
229.632 114.854
223.903 115.668
218.824 115.603
212.042 114.678
207.462 111.534
218.554 109.188
223.577 109.623
229.155 108.645
240.533 109.758
229.199 108.935
223.605 109.98
218.657 109.694
