166.012 75.9843
167.737 87.1903
171.257 98.155
176.163 108.672
181.8 118.818
188.261 128.552
196.286 136.748
205.818 141.971
218.252 143.508
230.743 140.18
240.717 133.845
249.485 125.143
256.469 115.762
261.506 105.117
264.615 92.3695
265.892 79.7491
266.475 66.8403
170.678 46.2729
172.404 34.8917
180.029 26.4516
190.457 22.5488
200.136 24.4072
217.409 21.6108
226.997 17.0892
238.333 18.7652
247.946 25.6421
252.763 36.0649
209.805 38.5398
210.111 43.4824
210.302 48.2856
210.445 53.5697
204.427 73.4389
208.571 72.6621
212.751 71.9965
217.191 71.409
221.713 70.841
180.189 55.873
184.925 49.8785
191.879 48.0521
199.236 51.2845
193.214 54.3847
186.118 56.1367
224.159 47.6958
230.518 42.508
238.042 42.7135
244.556 47.4805
238.472 49.3249
230.734 49.1966
198.319 104.029
201.899 89.6658
209.189 81.4906
214.173 82.0198
218.833 80.3126
227.724 86.3492
233.238 99.5912
229.569 111.463
221.763 117.019
216.435 118.201
210.973 118.301
203.145 113.685
201.458 102.665
210.045 90.3709
214.759 89.3055
219.43 88.9499
229.924 98.7488
220.349 107.219
215.446 108.377
210.457 108.43
