179.047 66.3407
180.548 78.8342
182.924 90.6152
185.455 102.448
188.165 114.947
194.345 126.03
203.727 135.097
215.722 141.575
229.71 143.63
243.934 141.798
255.761 135.862
265.819 127.807
273.3 117.358
276.837 105.085
279.331 92.3365
281.476 80.2472
283.404 67.3415
186.276 53.4954
191.8 44.5075
201.568 39.3229
213.2 37.918
223.926 40.7098
241.619 40.6001
251.672 37.8181
262.504 38.9168
271.915 44.1467
276.286 53.8538
232.937 55.6665
232.962 64.5491
232.923 73.0883
232.867 81.8831
221.432 91.9689
226.831 93.5487
232.326 94.9684
237.834 93.8872
243.155 92.3351
198.246 62.1323
204.345 57.2343
211.749 57.2353
218.665 62.3493
211.83 64.2278
204.203 64.6277
245.754 62.3501
252.692 57.1773
260.14 57.2277
265.965 62.1402
260.311 64.4533
252.794 64.2561
211.367 110.497
219.168 106.464
226.254 104.509
231.359 106.186
236.761 104.622
243.54 106.702
250.766 110.897
243.421 114.274
236.709 115.347
231.009 115.889
225.707 115.367
218.754 113.909
214.551 110.402
226.097 109.048
231.304 109.736
236.793 109.149
247.34 110.713
236.692 109.572
231.151 110.332
226.011 109.621
