177.964 67.3494
179.278 80.3804
181.503 92.8131
184.037 105.376
187.195 117.771
193.61 129.246
202.805 138.552
214.874 145.151
228.748 147.535
242.748 145.819
254.427 139.445
264.083 130.779
271.316 120.02
275.242 107.781
277.96 94.9377
280.433 82.5804
282.705 68.748
185.253 56.4326
190.679 47
200.816 41.9375
212.68 41.1976
223.463 45.0145
243.012 44.5162
252.634 40.8264
263.284 41.5489
272.333 46.8066
275.966 56.6133
232.748 59.9689
232.758 69.3282
232.81 78.5379
232.836 88.0132
220.229 96.5243
225.926 98.6028
231.891 100.243
237.675 98.9824
243 96.9208
197.457 66.5465
204.182 63.6214
211.147 63.5633
218.274 66.5965
211.298 68.6431
203.911 69.0608
244.925 66.6183
252.456 63.7773
259.444 63.9892
265.374 66.834
259.476 69.1895
252.212 68.8868
210.629 114.839
218.705 110.94
225.545 109.377
230.552 110.983
236.009 109.507
242.347 111.467
249.838 115.511
242.128 118.917
235.708 119.944
229.975 120.328
224.666 119.89
217.907 118.266
214.222 114.67
225.251 113.68
230.438 114.486
236.03 113.788
246.327 115.271
235.856 113.91
230.243 114.626
225.107 113.844
