181.291 64.2218
182.768 76.9924
184.947 88.8726
186.945 100.901
189.46 113.583
195.603 124.619
205.138 133.387
217.091 139.454
231.151 141.537
245.049 139.827
256.667 133.966
266.151 125.953
272.924 115.905
276.299 103.96
278.662 91.6233
281.068 79.9685
283.442 67.0718
188.037 53.588
193.868 43.7047
204.599 38.3487
216.731 36.9752
227.558 40.5519
243.559 40.0816
253.895 37.1519
265.04 38.8212
274.446 44.2927
278.436 54.5785
235.554 54.6838
235.512 63.3614
235.456 71.7429
235.339 80.5093
222.687 90.2642
228.432 91.7419
234.096 93.0786
239.754 92.1052
245.158 90.7934
199.924 61.3624
206.424 57.5199
213.531 57.4739
220.819 61.58
213.7 63.1523
206.284 63.4756
247.732 61.8396
255.189 58.0177
262.242 58.2162
268.094 62.0959
262.237 63.9212
254.908 63.5893
211.928 108.454
219.912 104.172
227.039 102.257
232.529 103.969
238.42 102.636
245.254 105.272
252.702 109.648
244.836 113.215
238.245 114.326
232.031 114.791
226.162 114.221
219.149 112.267
215.295 108.289
226.841 107.016
232.452 107.753
238.46 107.247
249.027 109.418
238.157 107.932
232.18 108.517
226.52 107.752
