180.411 65.535
181.764 78.4027
183.783 90.6328
186.067 103.093
189.403 115.513
196.234 126.3
205.653 134.619
217.255 140.474
230.773 142.344
244.442 140.546
255.469 134.409
264.667 126.266
271.742 115.867
275.249 103.903
277.962 91.6717
280.507 79.8547
282.512 67.2984
186.878 54.2224
192.375 44.3687
202.751 38.9171
214.703 37.0319
225.812 39.7675
242.375 39.4266
252.98 37.2127
263.898 38.874
273.298 44.2764
277.089 54.5142
234.31 54.8457
234.348 63.7729
234.402 72.4005
234.395 81.3652
221.889 90.8931
227.551 92.5379
233.156 93.8672
238.776 92.9539
244.208 91.5093
198.53 61.516
204.904 56.6334
212.405 56.5951
219.387 61.5209
212.477 63.1875
204.752 63.6682
246.423 61.627
253.825 56.661
261.295 56.9108
266.943 61.7583
261.307 63.8581
253.736 63.5285
211.826 109.316
219.597 105.026
226.558 103.152
231.852 104.814
237.639 103.404
244.45 105.774
251.799 110.155
243.99 113.721
237.123 114.903
231.198 115.312
225.733 114.672
218.915 112.792
215.274 109.15
226.351 107.797
231.752 108.433
237.57 108.022
248.234 109.963
237.287 108.606
231.502 109.22
226.141 108.446
