164.564 73.4712
167.178 83.6023
170.361 93.3643
174.345 103.364
178.694 112.91
185.364 121.273
194.863 126.604
206.407 128.898
219.885 128.229
233.627 125.687
244.83 121.392
254.628 114.722
261.474 105.964
264.361 95.1015
265.702 83.8496
266.134 72.7422
265.954 61.0794
168.098 50.6968
170.397 39.0529
178.387 30.849
189.351 26.718
199.984 28.0641
214.978 24.9971
225.024 20.9179
236.66 22.2754
246.641 28.1444
252.194 37.9816
208.963 42.8431
209.609 48.1151
210.1 53.2197
210.648 58.7558
203.365 76.1612
208.188 75.9817
213.005 75.4906
218.039 74.6197
223.068 73.3435
179.276 58.9623
183.839 53.503
190.655 51.7032
198.224 54.0903
192.268 57.3125
185.188 59.3334
223.44 49.5828
229.958 45.0099
237.081 45.1365
243.503 48.9276
237.512 50.8469
230.185 51.0076
197.582 100.515
203.218 91.6611
209.059 86.3724
213.953 86.9584
218.902 84.5415
226.779 87.6112
234.842 94.3544
228.352 97.7561
221.552 99.7085
216.134 100.87
211.105 101.313
204.891 101.367
200.774 98.9214
209.936 92.6551
214.731 91.9329
219.884 90.8658
230.94 93.5865
220.382 93.4855
215.138 94.6641
210.297 95.0006
