161.4 82.1176
166.659 93.3871
171.913 104.119
176.453 114.932
181.343 125.953
188.826 134.995
199.267 141.806
212.255 145.761
226.201 145.624
239.509 142.038
250.272 134.574
258.391 124.571
263.822 112.293
264.302 98.324
263.459 84.7507
262.794 71.8375
261.779 57.9889
162.613 66.0114
163.715 54.7994
171.312 47.0394
181.454 43.5888
192.164 43.8812
212.093 39.6193
221.31 34.4708
232.331 33.5148
242.788 37.0554
249.795 44.9443
205.84 59.4441
207.662 68.0652
209.349 76.5407
211.231 85.1769
204.541 97.5318
209.318 97.6251
214.247 97.6419
219.134 95.4753
223.839 93.4884
175.938 73.6769
180.013 67.979
187.23 66.1512
195.057 69.4449
188.682 73.4238
181.309 75.2883
221.25 62.5102
226.627 56.1613
234.202 54.6452
240.978 57.916
236.231 61.9435
228.364 63.2889
200.856 118.649
206.474 112.351
211.589 108.267
216.558 108.823
220.924 106.292
228.245 107.207
236.797 110.591
231.147 114.911
224.774 117.869
219.795 119.391
214.703 119.965
208.626 120.603
203.601 117.391
212.963 113.869
217.876 113.318
222.715 111.894
233.054 110.79
222.768 111.942
217.982 113.454
213.089 113.995
