162.023 83.5009
167.589 95.8849
173.22 106.968
178.77 118.114
184.686 129.312
193.36 138.29
204.541 144.833
217.678 148.725
231.068 148.083
243.07 143.769
253.967 135.578
262.218 125.351
267.879 113.146
268.64 99.3733
267.504 85.7262
266.11 72.0416
264.913 57.2642
163.564 69.3734
164.955 57.9267
172.647 50.7575
182.656 47.2784
193.234 47.2652
211.8 42.7084
221.507 37.5627
232.657 36.8139
243.52 40.2688
250.348 47.8362
206.699 63.3491
209.052 72.6383
211.285 81.5832
213.612 90.941
206.501 102.327
211.716 102.415
216.746 102.455
221.325 100.19
225.89 98.0097
176.69 76.9769
180.677 71.0861
187.803 69.368
195.629 73.2316
189.464 76.7345
182.185 78.4266
221.832 65.8615
227.264 59.1376
234.891 57.5741
241.822 60.5272
237.019 64.6895
229.3 66.1582
203.937 121.073
209.263 116.275
213.951 113.032
218.732 113.469
223.166 110.721
230.464 111.013
238.923 113.012
233.39 117.812
227.469 120.968
222.484 122.708
217.545 123.188
211.757 123.54
206.525 119.997
215.459 117.917
220.167 117.567
224.987 115.713
235.644 113.304
225.137 115.781
220.315 117.59
215.581 118.104
