184.631 65.5829
184.516 78.8731
185.205 91.4951
186.179 104.031
188.467 116.848
194.702 128.305
203.611 138.089
215.434 146.29
229.701 150.19
243.906 149.197
256.083 142.565
265.613 133.783
272.924 123.211
277.56 111.607
281.332 99.5329
284.43 87.6373
287.123 74.9342
193.299 56.2856
200.121 47.6734
211.081 43.692
223 43.6922
233.845 48.1817
253.099 49.4527
263.002 46.8159
273.451 47.9847
282.395 53.7106
285.266 64.2847
242.452 63.9509
241.895 74.0883
241.278 83.8745
240.504 93.6752
226.177 99.2499
232.142 101.886
238.163 104.388
244.046 103.572
249.803 101.847
205.105 65.3691
212.101 60.7686
220.048 61.6487
226.852 68.3193
219.198 68.8942
211.165 68.2952
253.556 70.9491
261.115 65.5664
268.828 65.8912
274.089 71.567
268.703 73.3787
260.876 72.919
212.054 112.441
222.178 110.944
230.588 110.998
236.112 113.196
242.136 112.259
248.962 114.113
256.708 116.977
247.556 121.698
240.274 122.8
234.036 122.762
228.107 121.525
220.047 118.233
215.644 113.354
229.836 115.094
235.671 116.477
241.673 116.265
253.113 117.346
241.003 116.616
235.01 116.965
229.214 115.481
