172.786 69.5393
174.795 82.4875
177.961 94.7497
181.614 107.346
185.728 120.389
192.552 131.851
201.496 141.241
212.802 147.83
226.64 149.408
240.85 146.565
252.596 138.821
262.826 129.919
270.053 119.133
273.944 106.558
276.321 93.4469
277.987 80.4186
279.362 66.6148
179.094 53.6107
183.271 43.921
192.266 38.3448
202.959 37.6714
212.874 40.5052
236.003 39.3436
245.426 35.8771
255.608 36.7548
264.523 42.3441
268.889 51.6509
224.898 59.385
225.093 69.1204
225.265 78.5023
225.416 88.0783
214.764 97.7769
219.896 99.8633
225.385 101.196
231.014 99.7152
236.128 97.4167
190.37 65.8843
196.076 59.3295
204.605 59.3446
212.166 66.1946
204.808 69.1617
195.96 69.7187
238.023 65.1759
244.921 57.7871
253.444 57.4766
259.37 63.5092
254.432 67.3374
245.771 67.6496
207.233 118.696
214.416 113.305
221.007 110.854
225.417 112.361
230.471 110.66
237.647 112.832
245.251 117.535
237.821 121.632
231.084 123.421
225.661 123.933
220.933 123.731
214.301 122.144
210.549 118.092
221.1 116.398
225.61 116.783
230.803 116.121
241.659 117.197
230.618 116.557
225.503 117.401
220.962 116.875
