165.67 72.3153
167.211 84.2291
170.891 95.9091
175.871 107.384
181.533 118.184
188.605 127.746
197.066 136.236
206.982 141.785
219.425 142.883
231.866 139.523
242.659 133.267
252.028 124.56
259.599 114.548
264.362 103.049
266.924 90.3652
267.904 77.4055
267.779 64.5405
170.504 46.9213
172.114 35.3215
179.598 26.9812
189.867 23.2449
199.639 24.9859
217.544 22.2533
227.299 17.8414
238.521 19.136
248.017 25.5749
252.966 36.0094
209.492 39.5665
209.888 44.6229
210.012 49.5087
210.134 54.9268
204.694 74.4319
208.621 73.562
212.51 72.8255
216.675 72.2883
221.134 71.7994
180.052 56.4429
184.854 50.5316
191.862 48.8872
199.459 52.0876
193.109 54.8936
186.029 56.5991
223.715 48.4404
230.099 43.4703
237.608 43.5513
244.005 47.9848
238.051 49.8
230.435 49.804
198.51 103.311
201.527 89.6555
208.415 81.7713
213.98 82.3621
219.137 80.5532
228.215 86.1111
233.995 99.0293
230.221 109.709
222.427 115.34
216.591 116.58
210.487 116.591
203.25 112.383
201.656 102.129
209.362 90.0222
214.753 89.1038
219.935 88.3346
230.694 98.1978
220.974 106.594
215.512 107.899
209.839 107.687
