172.781 77.8126
175.562 92.0379
179.494 105.746
183.29 119.413
187.406 133.145
194.35 145.497
203.504 155.386
215.449 162.792
229.649 164.842
244.323 162.415
257.578 154.723
268.682 144.383
276.21 132.102
280.47 118.815
282.544 104.804
284.053 90.9699
285.277 76.1186
178.543 65.7332
184.342 56.0798
194.988 51.4726
206.819 50.7201
218.534 52.7374
235.392 51.5478
246.375 49.4799
257.646 50.6166
267.977 55.2591
273.749 64.363
227.57 72.2179
227.792 83.7887
227.992 94.9004
228.225 106.067
216.625 113.549
222.315 115.869
228.225 117.502
234.093 115.63
239.586 113.349
192.016 76.8592
198.165 71.3348
206.378 71.7258
213.515 77.993
206.123 80.2222
197.762 80.4388
240.959 77.4277
247.597 70.7547
256.031 70.3248
262.401 75.5034
256.773 79.1581
248.451 79.5699
208.381 130.244
216.505 126.96
223.011 125.647
227.982 127.005
233.445 125.283
240.376 126.43
248.123 129.299
240.642 134.22
233.993 135.489
228.394 136.169
223.18 135.944
216.527 134.74
211.842 130.278
223.166 130.067
228.172 130.573
233.788 129.743
244.487 129.634
233.665 129.903
228.088 130.624
223.002 130.156
