173.633 71.1178
175.605 86.1574
179.267 100.897
183.511 115.089
188.96 128.985
196.436 142.477
204.98 154.794
215.72 163.09
229.148 165.467
242.16 161.695
251.963 151.209
260.337 138.109
266.837 124.61
271.142 110.806
273.789 96.4238
275.749 81.9082
277.123 66.7217
179.836 55.7323
184.794 46.376
194.33 40.6802
205.711 38.9
216.54 41.2699
234.516 40.4449
244.404 37.343
255.083 38.3425
264.854 42.8191
270.039 51.6678
226.363 55.3472
226.553 63.7432
226.812 72.023
227.071 80.6702
216.512 91.4591
221.548 93.1985
227.092 94.6294
232.687 93.0234
237.865 90.7806
191.941 63.474
197.879 58.1798
205.612 57.809
212.749 62.3586
205.692 64.358
198.033 65.038
239.892 60.8819
246.502 56.2341
254.142 56.2
260.185 60.5514
254.535 62.6752
246.962 62.5396
208.034 120.858
212.347 108.954
220.663 104.261
226.809 105.732
232.943 104.041
241.167 108.192
245.063 119.883
240.941 132.158
233.272 138.378
226.597 139.444
220.031 138.919
211.939 133.703
210.525 120.203
221.007 110.797
227.137 110.687
233.247 110.322
241.866 119.226
232.773 129.823
226.412 131.127
220.204 130.51
