173.304 68.7497
174.355 81.7058
176.351 93.5958
178.884 105.41
182.252 117.764
189.118 128.609
198.703 137.643
211.032 144.176
225.521 146.109
240.22 143.764
252.623 137.209
262.958 128.941
270.912 118.59
274.657 106.561
276.16 93.9418
277.35 81.9049
278.398 68.725
178.573 60.3615
183.86 49.9654
194.405 43.624
206.591 41.3396
217.788 44.2561
235.189 43.6527
245.706 40.4122
257.333 41.7521
267.581 47.2681
272.289 57.5493
226.764 58.824
226.738 68.7241
226.656 78.2222
226.513 88.098
212.647 94.2701
219.289 96.3304
226.053 98.4629
232.911 96.6606
239.628 94.6501
191.033 64.5996
197.436 60.5224
204.554 60.4574
211.864 64.9705
204.594 65.7421
197.343 65.9515
240.268 64.6022
247.761 59.6775
255.067 59.5058
261.532 63.8046
255.236 65.3176
247.766 65.3899
200.092 107.792
210.01 105.806
218.456 105.073
224.99 106.749
231.713 105.133
240.572 106.051
251.199 107.55
240.395 112.083
231.626 113.722
224.61 114.285
217.773 113.69
209.588 111.87
203.98 108.235
218.232 109.259
224.959 109.982
231.798 109.166
247.365 108.248
231.64 108.637
224.798 109.338
218.028 108.622
