173.314 71.2492
175.53 84.1267
178.545 96.1414
181.673 108.557
185.216 120.91
191.59 132.08
200.745 140.907
212.698 146.762
226.381 148.269
240.199 145.945
251.477 139.603
261.023 131.079
268.061 120.387
271.542 108.359
273.556 95.4891
275.518 83.0016
277.429 69.3691
178.935 58.8491
183.814 49.2784
193.73 43.8676
205.344 41.9279
216.476 44.0931
234.764 43.0279
245.135 40.4605
256.266 41.834
265.896 46.8385
270.339 56.5175
226.265 59.3958
226.489 68.9685
226.647 78.2086
226.79 87.6888
215.356 97.2944
220.698 99.0477
226.321 100.385
231.961 99.149
237.362 97.1806
191.315 66.6007
197.54 61.1351
205.485 60.9671
212.843 66.6329
205.663 68.8372
197.427 69.4727
238.922 65.6612
246.265 59.7249
254.2 59.6595
259.996 64.8777
254.449 67.6308
246.554 67.5337
206.603 116.519
214.172 111.698
220.872 109.706
226.11 111.188
231.816 109.403
238.419 111.332
245.664 115.842
238.735 119.686
232.169 121.078
226.25 121.717
220.918 121.433
213.983 120.19
209.708 116.097
220.955 114.219
226.264 114.725
232.093 113.848
242.271 115.523
232.014 114.831
226.205 115.836
220.996 115.263
