173.287 68.6004
174.712 81.4962
176.993 93.4277
179.824 105.243
183.003 117.168
189.368 128.015
198.508 137.017
210.163 143.172
223.971 145.28
237.988 143.494
249.82 137.086
259.225 128.587
266.515 117.929
270.235 105.745
272.837 92.9173
274.941 80.8497
276.357 67.8938
179.178 56.8055
184.372 47.4491
194.531 42.0529
206.167 40.1736
217.028 43.093
235.166 42.4376
245.376 38.93
256.243 39.7256
265.936 44.7817
270.293 54.6448
226.119 58.0472
226.225 67.1944
226.31 75.993
226.373 85.086
214.391 94.5666
219.95 96.1243
225.58 97.405
231.377 96.3238
237.1 94.6865
191.406 64.9235
197.769 59.7653
205.37 59.5001
212.306 64.5655
205.465 66.6011
197.663 67.078
238.85 64.1439
246.195 58.8501
253.928 58.7062
259.708 63.666
254.152 66.1569
246.187 65.9992
203.992 111.051
212.627 108.096
219.887 106.775
225.118 108.395
230.535 106.923
237.758 108.641
245.904 111.577
237.316 116.497
230.041 117.799
224.277 118.144
218.842 117.447
211.879 115.432
207.414 111.29
219.666 111.133
225.062 111.86
230.57 111.313
242.436 111.903
230.101 112.094
224.559 112.708
219.226 111.811
