172.885 71.0574
174.999 83.8101
178.098 95.7615
181.548 108.405
185.388 120.941
191.921 132.484
200.867 141.49
212.397 146.977
225.56 148.641
239.172 146.759
251.028 140.735
261.294 132.422
268.827 121.976
272.931 109.673
275.22 96.435
277.221 83.8382
278.999 70.1813
178.885 57.6047
184.381 49.2659
194.133 44.5977
205.533 42.9697
216.396 45.1219
234.482 44.2896
244.592 41.6286
255.782 42.7064
265.621 47.3677
270.421 56.841
225.83 60.6969
225.912 70.0104
225.906 79.1128
225.858 88.3521
215.344 98.1875
220.449 99.6518
225.787 100.81
231.014 99.827
236.181 98.0878
191.495 66.8718
197.682 62.3556
205.236 62.2827
212.463 67.1748
205.23 69.2632
197.532 69.7559
239.142 66.4478
246.102 61.388
253.699 61.3121
259.758 65.592
254.028 68.3466
246.326 68.3236
206.832 116.581
213.696 111.935
220.087 109.905
225.304 111.523
230.775 109.792
237.517 111.737
244.744 116.443
237.685 120.431
231.104 121.732
225.32 122.367
219.909 122.026
213.303 120.506
209.777 116.128
220.205 114.565
225.54 115.205
231.153 114.404
241.226 116.099
230.924 115.474
225.288 116.341
219.955 115.727
