173.358 68.8916
175.475 84.0072
178.766 99.4505
183.065 113.887
188.9 128.188
196.3 141.298
204.866 153.347
214.871 161.355
228.044 163.602
241.212 159.772
251.407 150.427
260.672 138.372
268.684 125.951
273.892 112.136
276.548 97.0976
277.876 82.3691
279.019 66.8831
179.221 57.8648
184.377 48.5951
194.315 43.2421
206.368 41.2451
217.734 43.2272
233.696 42.162
243.735 38.7197
254.697 39.5741
264.943 44.0101
270.592 52.7628
225.68 55.2056
225.815 62.8353
225.947 70.5461
226.042 78.6937
216.165 89.3072
221.268 91.1779
226.641 92.6552
232.293 90.9709
237.419 88.7793
191.483 62.8773
197.717 58.5716
205.029 58.109
212.052 61.5785
205.099 63.2651
197.636 63.8371
239.955 60.1699
246.887 55.9728
254.265 55.9043
260.319 59.6916
254.466 61.441
247.052 61.3223
207.808 117.568
212.828 107.128
221.169 102.505
226.547 103.833
232.122 102.163
239.992 106.02
245.228 115.404
240.293 127.778
232.922 133.431
226.807 134.424
221.025 134.24
212.719 129.497
210.123 116.473
221.489 107.343
226.819 107.272
232.42 106.898
242.039 114.895
232.371 126.14
226.569 127.523
221.054 127.165
