169.348 72.6479
171.613 84.6164
174.889 96.2938
178.821 108.129
183.366 119.644
189.586 130.727
197.489 139.787
208.026 146.164
221.482 147.996
235.616 144.835
246.813 137.276
256.545 127.409
263.859 115.948
267.944 103.419
269.821 90.0849
270.831 77.5872
271.53 64.2605
174.69 49.3389
177.42 38.4483
186.006 31.1295
196.998 28.2462
207.368 30.38
224.624 28.8888
234.139 24.6906
245.172 25.5187
254.623 31.097
259.354 40.8817
216.813 44.9858
217.21 51.9366
217.575 58.771
217.878 65.9236
209.287 81.5623
213.98 82.2008
218.788 82.6145
223.96 81.5807
228.929 80.227
185.02 58.7646
190.239 53.4601
197.381 52.4199
204.601 55.9568
198.208 58.4955
191.079 59.8018
230.884 53.535
237.527 48.8256
245.013 48.8567
250.872 53.407
245.187 55.3558
237.734 55.2737
201.589 108.673
206.455 97.5723
213.541 92.2355
219.006 93.4244
224.767 91.4605
232.542 95.8207
238.519 106.658
233.469 114.977
226.094 118.825
219.951 119.872
214.085 119.69
206.753 116.361
204.679 107.729
214.061 99.1726
219.438 98.9789
225.244 98.4866
234.968 106.013
225.377 110.778
219.42 111.849
213.878 111.442
