173.243 71.5388
175.592 84.5267
178.795 96.3805
182.161 108.726
185.887 120.801
192.187 131.934
201.077 141.048
212.887 146.919
226.498 148.181
240.192 145.764
251.413 139.021
260.481 130.386
266.873 119.95
270.53 108.353
272.75 95.6048
275.039 83.4169
277.221 69.7001
179.185 58.9762
183.978 49.1075
193.932 43.7557
205.642 41.8051
216.691 44.1351
234.461 43.408
244.747 40.536
255.881 41.9213
265.557 46.8649
270.157 56.7086
225.965 59.6611
226.049 69.0805
226.085 78.2505
226.142 87.6598
215.149 97.4461
220.402 99.1315
226.002 100.326
231.656 99.1383
236.991 97.148
191.327 66.6515
197.587 61.1216
205.421 60.9764
212.73 66.7089
205.542 68.9864
197.533 69.5272
238.856 65.7013
246.178 59.7561
254.002 59.5806
259.811 64.7224
254.312 67.816
246.364 67.6845
206.875 116.305
214.107 111.753
220.566 109.835
225.913 111.452
231.505 109.635
238.234 111.432
245.53 115.899
238.579 119.519
231.929 120.897
226.046 121.53
220.561 121.256
213.914 120.158
210.124 115.906
220.643 114.277
226.11 114.908
231.799 114.036
241.848 115.517
231.785 114.689
226.033 115.658
220.641 115.177
