180.036 65.5686
181.619 78.4647
183.906 90.4573
186.425 102.4
189.441 114.679
195.721 125.716
204.774 134.357
216.281 140.475
229.993 142.469
243.952 140.806
255.147 134.688
264.342 126.388
271.141 116.106
274.518 104.361
277.14 92.0218
279.743 80.2694
281.925 67.5708
186.58 54.2414
191.885 44.3513
202.209 38.7157
213.947 37.0031
224.894 39.8437
242.202 39.6922
252.688 37.2008
263.655 38.6799
273.04 44.1046
276.892 54.4991
233.8 54.9569
233.789 64.001
233.729 72.6817
233.645 81.642
221.602 90.9804
227.1 92.667
232.639 94.0165
238.375 92.947
243.784 91.4285
198.633 61.5687
205.142 56.8378
212.518 56.7869
219.532 61.6613
212.538 63.3212
204.885 63.7128
246.155 61.7639
253.752 57.0917
261.136 57.3198
266.811 62.0599
261.105 64.0982
253.486 63.6911
211.636 109.218
219.307 105.059
226.167 102.879
231.517 104.654
237.365 103.141
244.175 105.894
251.581 110.203
243.844 114.018
236.937 115.334
230.962 115.693
225.419 114.99
218.767 112.879
215.175 109.048
225.936 107.73
231.379 108.417
237.251 107.931
247.887 110.01
237.114 108.69
231.298 109.303
225.86 108.469
