172.549 76.3262
175.166 90.5344
178.857 104.289
182.616 117.55
187.087 130.513
194.639 142.033
203.932 151.314
215.588 158.389
229.378 160.393
244.103 158.358
257.06 151.261
268.434 142.271
277.341 131.08
282.654 118.006
285.292 103.482
287.191 89.0403
289.201 73.2065
178.673 66.1567
184.461 56.0159
195.563 51.7072
207.541 50.9774
219.091 53.0354
234.943 51.91
245.91 49.535
257.368 50.6058
267.944 55.2843
274.097 64.716
227.734 72.4523
227.849 84.0024
227.87 94.88
228.043 105.769
216.794 112.748
222.483 114.962
228.428 116.578
234.172 114.664
239.531 112.437
191.967 76.4203
198.331 71.1971
206.68 71.6685
213.5 77.9272
206.231 80.0082
197.732 80.1365
240.969 77.4414
247.705 70.4425
256.263 69.9923
263.004 74.8276
257.147 78.6598
248.574 79.2299
208.986 129.831
217.073 126.813
223.439 125.344
228.108 126.73
233.434 124.979
240.532 126.195
248.804 128.247
240.942 133.832
234.133 135.632
228.575 136.335
223.574 136.133
216.904 134.637
212.32 129.851
223.513 129.404
228.265 129.938
233.709 129.133
245.198 128.608
233.692 130.087
228.281 130.94
223.452 130.432
