173.959 68.1928
174.843 80.7851
176.691 92.5191
179.023 104.617
182.221 117.072
189.156 128.082
198.966 136.994
211.608 143.253
226.464 144.927
241.025 142.675
252.828 136.316
262.482 127.708
269.675 116.961
272.93 104.916
274.779 92.1858
276.073 80.2265
277.029 67.1821
178.647 57.7652
183.759 47.9387
194.023 42.1748
206.158 40.1824
217.398 43.3358
235.417 42.4551
246.057 39.1943
257.561 40.2678
267.624 45.6612
272.184 55.9956
226.638 57.7875
226.684 67.2419
226.663 76.3484
226.704 85.8229
213.203 93.8527
219.662 95.5933
226.106 97.1685
232.645 95.7252
239.103 94.1134
190.632 64.0507
197.198 59.7134
204.642 59.7307
212.37 64.5408
204.784 65.5566
197.064 65.7687
239.614 64.1924
247.403 59.083
254.906 58.9331
261.353 63.3411
255.141 65.1781
247.301 65.1583
200.902 107.228
210.959 105.453
219.431 104.469
225.765 106.113
232.254 104.46
240.752 105.536
250.998 107.115
240.628 111.186
232.367 112.841
225.581 113.535
219.122 113.015
210.837 111.37
204.401 107.532
219.269 108.823
225.735 109.499
232.35 108.653
247.485 107.432
232.363 107.919
225.75 108.679
219.321 108.058
