167.774 71.9127
169.402 84.1363
172.808 96.2522
177.877 108.115
183.984 119.371
191.152 129.862
199.508 138.974
209.25 145.168
221.78 147.1
234.314 143.914
244.397 136.656
253.046 126.29
260.214 115.22
265.303 103.449
268.317 90.2126
269.225 76.9855
269.447 63.7118
173.076 45.1049
175.812 34.346
184.138 26.4007
195.037 22.9207
205.193 25.3037
220.28 22.9177
230.001 18.1822
241.622 19.4595
251.518 25.7167
256.498 35.677
213.905 39.2515
214.169 44.0036
214.332 48.5956
214.418 53.7428
207.694 73.9803
212.153 73.3795
216.572 72.9118
220.993 72.4089
225.458 71.8179
182.729 55.3918
188.048 49.8554
195.159 48.0821
202.867 51.1432
196.517 53.9958
189.221 55.6485
227.23 47.9607
233.937 43.2245
241.575 43.431
248.035 47.7749
241.744 49.4813
234.072 49.3697
201.482 106.079
204.721 91.3194
212.563 82.9927
217.55 83.7012
222.4 81.8723
231.545 88.2458
237.047 102.477
233.485 115.328
225.797 121.531
220.211 122.772
214.525 122.716
206.257 117.159
204.562 104.743
213.407 91.5641
218.185 90.6985
223.096 90.3611
234.005 101.67
224.368 111.763
219.169 112.888
214.065 112.661
