176.127 67.307
176.765 80.7963
178.376 93.1535
180.571 105.777
184.225 118.146
191.18 129.549
201.097 139.405
213.948 145.952
228.754 147.8
243.455 145.495
255.688 138.655
265.726 129.562
273.218 118.395
277.005 106.232
278.908 93.0654
280.245 80.7247
281.345 67.2157
181.968 57.7593
187.524 48.2945
197.753 42.7715
209.712 41.2156
220.672 44.2817
239.842 43.7761
250.135 40.4417
261.136 41.4142
270.746 46.9601
275.127 57.0076
230.132 59.7681
230.244 69.6962
230.219 79.3086
230.218 89.3573
215.608 95.3741
222.409 97.6116
229.332 99.8197
236.368 98.1501
243.071 96.2066
193.625 64.8161
200.353 60.5213
207.713 60.9256
215.31 66.0645
207.864 66.7724
200.214 66.79
243.187 66.0771
250.866 60.7435
258.37 60.5588
264.611 65.0345
258.616 66.7881
250.883 66.9405
201.974 107.469
212.553 106.33
221.882 106.021
228.341 107.725
235.452 106.266
244.51 106.806
255.143 107.906
244.268 114.235
235.401 116.456
228.108 117.112
221.307 116.386
212.091 113.896
205.459 108.241
221.668 110.257
228.342 111.102
235.492 110.302
251.607 108.705
235.393 111.29
228.253 112.099
221.52 111.229
