173.657 68.9026
176.207 84.3302
179.754 99.5966
183.796 114.398
189.496 128.82
196.842 142.424
205.837 154.263
216.439 161.613
229.997 163.439
243.465 159.462
253.798 149.927
263.038 138.201
270.524 125.581
275.582 111.322
277.894 96.3124
279.259 81.7704
280.732 66.4935
179.259 57.7302
184.35 48.4612
194.381 43.6792
206.047 42.0628
217.475 43.8797
233.771 42.5405
243.824 39.267
254.841 39.9511
265.015 43.999
270.677 52.8842
225.588 55.2089
225.858 62.8445
226.15 70.5737
226.372 78.8204
216.091 89.1103
221.289 90.7565
226.879 92.224
232.676 90.2829
237.942 88.1701
191.296 63.0673
197.163 58.7091
204.519 58.3627
211.62 61.8644
204.72 63.6114
197.361 64.2454
240.25 60.4572
246.948 56.2614
254.302 56.1185
260.383 60.0641
254.679 61.5206
247.337 61.6089
207.9 118.252
212.807 106.194
220.933 101.42
227.187 102.459
233.423 100.717
241.58 104.366
246.172 115.585
241.941 128.299
234.448 134.362
227.711 135.472
221.323 135.342
212.9 130.638
210.144 117.037
221.427 105.628
227.496 105.391
233.78 104.67
243.311 114.839
233.868 127.639
227.342 129.028
221.157 128.643
