171.968 76.6114
174.742 90.6984
178.571 104.547
182.816 118.313
187.433 131.787
194.797 143.975
204.097 153.799
216.138 160.927
230.294 162.283
244.771 159.388
257.412 151.518
268.423 141.797
276.289 130.149
280.836 117.439
282.977 103.563
284.08 89.8589
285.221 74.9787
178.264 64.6317
183.704 55.3323
194.03 51.1351
205.475 50.3761
216.504 52.2101
234.084 50.856
244.89 48.9544
255.786 49.9655
265.983 54.1338
272.026 62.7752
226.296 72.0011
226.54 83.4509
226.767 94.4752
227.094 105.501
215.791 112.808
221.45 115.035
227.436 116.61
233.056 114.782
238.278 112.421
191.197 76.2573
197.322 70.7263
205.486 71.1546
212.63 77.4345
205.194 79.5185
196.941 79.7535
239.622 76.6346
246.399 69.8823
254.829 69.3361
261.47 74.2916
255.72 77.9339
247.304 78.5106
207.937 129.347
215.76 126.017
222.173 124.534
227.151 125.763
232.823 123.99
239.675 124.966
247.299 127.639
240.139 132.619
233.641 134.209
227.915 135.027
222.682 134.912
216.015 133.629
211.315 129.279
222.413 128.813
227.435 129.242
233.245 128.305
243.746 128.054
233.112 128.607
227.411 129.543
222.324 129.222
