169.607 70.2426
171.81 82.464
175.087 94.1894
178.591 105.987
182.296 117.781
188.455 128.639
197.292 136.712
208.655 142.161
222.023 143.686
236.077 141.508
247.708 135.314
257.876 127.191
265.517 116.706
269.025 104.446
271.121 91.4942
272.896 78.6906
274.137 64.9591
175.184 53.8985
178.995 43.6842
188.087 36.921
199.475 34.9648
210.624 37.3308
228.715 36.4867
238.531 32.4873
249.617 32.7391
259.382 38.2601
263.967 48.4543
220.677 53.3417
221.026 61.7952
221.34 70.0831
221.491 78.5512
211.462 90.5443
216.541 91.7605
221.829 92.5299
227.244 91.5645
232.411 89.8898
187.133 63.7551
193.102 59.3111
200.338 58.4412
207.58 62.0033
200.811 64.6426
193.298 65.6293
234.088 60.4501
241.018 56.2047
248.397 56.1903
254.315 60.045
248.59 62.5289
241.012 62.4032
203.547 111.484
209.96 105.47
216.42 102.156
221.501 103.607
226.54 101.818
233.419 104.729
241.213 110.282
233.849 114.823
227.234 116.73
221.738 117.36
216.509 117.05
209.978 115.012
207.076 110.854
216.634 107.852
221.742 108.224
226.951 107.698
237.295 109.856
226.79 109.492
221.564 110.247
216.541 109.807
