180.083 66.3499
180.693 79.984
182.045 92.9486
183.508 105.745
186.505 118.435
193.401 129.439
202.851 139.014
215.051 146.255
229.532 149.476
243.807 147.45
255.87 140.493
265.94 131.658
273.429 121.312
277.715 109.749
280.575 97.2376
282.741 85.0574
284.892 71.4356
187.328 58.3399
193.647 49.11
204.7 44.5195
216.995 43.7018
227.81 47.9303
247.413 48.2557
257.34 45.0589
268.024 46.4556
277.207 52.1843
280.611 62.5346
236.784 62.4728
236.478 72.7893
236.144 82.8275
235.746 93.1861
220.578 97.2699
227.141 100.069
233.958 102.649
240.605 101.22
246.989 99.3271
199.734 64.3862
207.016 60.6554
214.358 61.2621
221.288 67.0368
214.03 67.1865
206.364 66.7048
248.747 68.9199
256.569 63.976
263.909 64.0906
269.649 68.8775
263.788 70.3446
256.147 70.1372
206.599 108.331
217.498 107.852
226.579 108.246
232.641 110.225
239.196 109.064
247.507 110.095
257.124 111.409
246.333 117.175
237.903 119.429
231.074 119.827
224.629 118.668
215.941 115.237
210.122 109.211
226.119 111.789
232.43 113.083
238.952 112.609
253.338 112.017
238.245 114.078
231.669 114.647
225.31 113.366
