167.293 75.3019
169.408 87.5151
173.703 99.6748
179.228 111.404
185.738 122.366
193.454 132.624
202.047 141.837
211.605 146.96
223.657 148.356
235.673 144.259
244.859 136.514
253.339 126.091
260.082 115.236
264.821 103.84
267.92 91.368
268.678 78.7154
268.946 66.4429
172.412 45.6156
174.242 33.7087
182.352 24.7999
193.059 21.2096
203.084 23.3863
220.539 20.8175
230.117 16.2145
241.579 18.0164
251.251 25.1276
255.857 35.8896
212.749 38.4615
213.114 43.1231
213.37 47.6148
213.621 52.5621
207.557 73.0359
211.564 72.1784
215.792 71.3875
220.092 71.0257
224.446 70.634
182.324 54.8085
187.447 48.5436
194.695 46.8788
202.298 50.6311
195.918 53.7085
188.555 55.343
226.539 47.3059
232.97 41.9982
240.591 42.1523
247.103 47.1405
241.143 48.9583
233.357 48.9871
201.47 106.059
204.213 90.5547
211.996 82.2485
216.928 82.8695
221.638 81.3098
230.962 87.7479
236.113 102.739
232.78 115.871
224.885 122.635
219.527 123.682
214.191 123.879
205.95 117.894
203.964 104.763
212.915 90.304
217.569 89.4537
222.285 89.1933
233.317 101.775
223.475 114.524
218.441 115.518
213.502 115.327
