172.975 69.6935
175.255 82.3104
178.471 93.9262
181.702 105.924
185.092 118.542
191.85 129.714
201.643 138.584
213.839 144.296
227.877 145.165
241.88 142.586
253.053 135.924
262.623 127.148
269.464 116.64
272.755 104.44
274.636 92.103
276.366 80.2562
277.669 67.3069
179.99 56.7342
184.972 47.1443
194.828 42.2093
206.09 39.919
217.414 40.808
232.121 40.5969
242.609 39.0008
253.831 41.6073
263.55 46.4411
269.054 55.2644
225.994 57.4825
226.261 66.3259
226.534 74.8153
226.801 83.5895
215.598 93.7183
221.134 95.2174
226.821 96.3682
232.319 95.0508
237.722 93.1562
191.603 63.9346
197.502 58.6596
205.381 58.4042
212.636 63.8801
205.42 66.3329
197.346 66.91
238.365 62.9779
245.479 57.3348
253.215 57.3078
259.22 62.2585
253.613 65.0099
245.709 64.91
207.445 114.791
214.391 109.468
221.145 106.788
226.743 108.323
232.303 106.47
239.097 108.33
246.023 113.396
239.379 116.379
232.853 117.815
226.961 118.532
221.176 118.249
214.231 117.183
210.823 113.975
221.267 111.536
226.93 111.959
232.61 111.131
242.632 112.783
232.523 111.719
226.833 112.645
221.171 112.112
