174.834 69.8585
177.428 82.4318
180.79 93.8368
183.579 106.047
186.268 118.55
192.475 129.526
201.992 138.05
214.276 143.234
228.589 144.104
242.789 141.884
254.572 136.035
264.082 127.345
270.439 116.759
272.999 104.515
274.714 92.3409
276.837 80.4803
278.426 67.1303
181.253 57.2415
186.053 47.3435
195.918 42.3224
207.424 40.1129
218.504 41.6857
232.96 40.7852
243.5 38.9223
254.862 41.3204
264.565 46.6321
269.612 56.0493
226.857 56.8074
227.162 65.8354
227.389 74.5266
227.598 83.4457
216.793 93.9108
222.099 95.3221
227.552 96.3976
232.801 95.2871
237.984 93.5853
192.521 64.1103
198.322 58.8225
206.139 58.6021
213.345 63.9461
206.341 66.14
198.425 66.9007
239.577 63.3087
246.618 57.7369
254.278 57.6757
260.055 62.7512
254.665 65.252
246.96 65.1241
209.641 115.161
215.839 108.901
222.206 106.316
227.709 107.885
233.55 106.183
240.226 108.598
247.149 114.138
240.514 115.943
233.828 116.434
227.834 116.828
222.131 116.392
215.594 115.964
212.888 113.942
222.302 110.936
227.903 111.439
233.863 110.762
243.751 113.111
233.577 110.904
227.673 111.515
222.088 110.925
