174.07 76.4103
176.439 90.5885
179.924 104.299
184.029 117.571
188.41 130.598
195.449 142.661
204.629 151.903
216.815 158.538
230.798 159.72
245.053 157.033
257.015 149.241
267.332 139.858
274.647 128.476
278.962 115.712
281.294 102.208
282.547 89.2163
284.001 75.1622
179.686 63.9877
185.751 54.6117
196.112 50.5296
207.838 49.9353
218.569 53.0871
236.766 51.5005
247.062 48.3754
257.641 49.1775
267.397 53.8148
272.695 62.4335
228.218 71.5175
228.462 82.9092
228.663 93.6539
228.973 104.562
217.247 111.723
222.93 114.1
228.767 115.858
234.508 113.944
239.549 111.534
192.704 76.3816
198.817 71.5882
206.737 71.9686
213.767 77.1815
206.636 79.2707
198.519 79.6124
241.231 76.563
248.334 70.7331
256.224 70.4795
262.565 74.8941
256.813 78.115
248.967 78.4332
208.933 128.95
217.321 125.568
223.689 124.243
228.245 125.646
233.908 123.889
240.689 125.047
248.309 127.614
241.103 133.023
234.43 135.099
228.621 135.89
223.698 135.522
216.919 133.952
212.331 128.952
223.783 128.637
228.481 129.234
234.235 128.269
244.774 128.022
234.074 128.746
228.373 129.747
223.612 129.231
