169.697 74.2852
171.676 86.3388
175.18 97.9831
179.301 109.826
184.303 121.42
190.59 132.468
198.521 141.47
208.604 147.339
221.526 148.841
235.058 145.889
245.959 139.024
254.826 128.937
261.464 117.562
265.641 104.973
268.09 91.8511
269.435 79.0855
270.224 65.8606
175.003 48.5052
177.484 37.4628
185.973 30.2637
196.549 27.2982
206.629 29.5004
223.555 27.5194
233.184 23.1269
244.411 23.9939
253.781 30.0389
258.43 40.008
215.78 43.3796
216.135 50.0172
216.39 56.5828
216.62 63.3826
208.415 79.5673
212.98 80.1211
217.84 80.5477
222.968 79.4373
227.808 78.1336
184.662 58.0252
189.686 52.5534
196.794 51.356
203.945 54.627
197.693 57.4929
190.59 58.8871
229.983 52.0126
236.804 47.2823
244.302 47.4044
250.154 52.0731
244.4 53.9821
236.884 53.8345
201.5 108.045
205.68 96.216
212.76 90.1799
218.409 91.2655
224.272 89.3806
232.203 94.0259
237.874 105.854
233.32 115.229
225.74 119.8
219.577 120.975
213.519 120.841
206.193 116.933
204.33 107.129
213.396 97.3485
218.885 97.0692
224.676 96.5857
234.458 105.082
224.865 111.111
218.91 112.358
213.239 111.985
