173.45 68.802
175.839 83.8141
179.177 98.9912
183.548 113.529
189.383 127.606
196.794 141.116
205.414 153.34
215.733 161.36
229.08 163.466
242.585 159.431
253.076 149.659
262.216 137.262
269.928 124.628
275.002 110.908
277.458 95.9692
278.546 81.5416
279.574 66.3155
178.832 58.1567
183.723 48.7936
193.661 43.501
205.604 41.8161
216.951 43.8007
233.581 42.5798
243.587 39.2744
254.463 39.9397
264.656 44.0116
270.475 52.5211
225.495 55.3834
225.652 63.005
225.782 70.7205
225.895 78.9208
216.166 89.8406
221.215 91.6349
226.614 93.0964
232.185 91.3386
237.16 89.1086
190.942 63.0127
197.095 58.5986
204.647 58.1944
211.649 61.7298
204.863 63.4572
197.264 64.1205
239.99 60.3143
246.793 56.0548
254.272 55.8846
260.428 59.724
254.518 61.4965
247.031 61.3967
208.002 118.352
213.165 108.104
221.315 103.159
226.738 104.506
232.333 102.681
240.237 106.783
245.661 116.025
240.599 128.055
233.468 133.514
227.313 134.662
221.494 134.505
213.312 130.127
210.48 117.531
221.708 108.612
227.077 108.398
232.721 108.03
242.477 115.738
232.717 125.85
226.852 127.27
221.322 126.965
