178.975 66.2087
180.554 78.8132
183.026 90.9201
185.69 103.111
188.714 115.634
194.955 126.752
204.309 135.631
215.987 141.79
229.771 143.656
243.597 141.892
255.222 135.697
265.213 127.576
272.697 117.303
276.527 105.164
278.804 92.6191
280.741 80.823
282.544 68.1639
186.184 53.3804
191.772 44.395
201.872 39.117
213.729 37.5186
224.554 40.5905
241.691 40.356
251.812 37.5304
262.805 38.8686
272.204 44.165
276.293 54.0175
233.15 55.3777
233.088 64.4481
233.009 73.2758
232.883 82.2896
221.36 92.0703
226.803 93.6771
232.321 95.024
237.748 93.9379
242.998 92.3968
198.269 61.8849
204.414 56.9689
212.056 56.9432
219.064 62.0845
212.079 64.0032
204.245 64.4908
245.835 62.1442
253.105 56.987
260.677 57.0791
266.214 62.2094
260.69 64.5456
253.054 64.1413
210.989 110.329
219.008 106.186
226.113 104.211
231.141 105.808
236.654 104.317
243.131 106.534
250.431 110.762
242.844 114.119
236.271 115.177
230.553 115.677
225.225 115.273
218.329 113.716
214.276 110.191
225.799 108.636
231.032 109.343
236.655 108.787
246.973 110.547
236.409 109.64
230.782 110.41
225.624 109.739
