173.972 69.2214
175.905 82.0852
178.796 94.2129
181.525 106.269
184.946 118.487
191.281 129.587
200.384 138.307
211.883 144.246
225.273 145.881
238.762 144.195
249.877 137.997
259.251 129.594
266.213 118.777
269.814 106.502
272.4 93.8965
274.849 81.6071
277.045 68.2492
180.044 56.4828
184.922 46.3177
195.288 40.8769
207.124 39.4397
218.157 42.5089
236.264 41.7982
246.518 38.5563
257.355 39.238
266.789 44.5418
270.521 54.8948
227.102 56.8664
227.213 65.8346
227.359 74.5486
227.434 83.6069
215.628 93.6846
221.121 95.3985
226.788 96.6906
232.386 95.4733
237.669 93.5233
192.227 64.6485
198.585 59.6377
206.004 59.4451
213.05 64.0998
206.195 66.4198
198.459 67.0495
239.746 63.6545
247.236 58.7828
254.65 58.8713
260.214 63.676
254.675 66.1984
247.032 65.7741
206.523 113.22
214.137 108.939
220.712 107.302
226.044 109.087
231.736 107.241
238.292 109.256
245.422 113.281
238.124 116.823
231.345 117.784
225.445 118.195
220.024 117.733
213.505 116.355
209.955 112.92
220.51 111.311
225.952 112.062
231.694 111.343
242.01 113.068
231.368 112.408
225.607 113.27
220.265 112.429
