167.879 75.7861
170.093 87.695
173.981 99.5057
179.222 111.131
185.442 121.814
192.944 132.31
201.709 140.897
211.608 145.677
224.153 146.843
236.236 142.88
245.649 135.595
254.097 125.285
260.665 113.968
264.922 102.018
267.21 88.6492
267.839 75.5244
267.524 63.2193
173.017 45.6194
174.246 33.786
181.919 24.9978
192.373 21.3256
202.331 23.3502
219.498 20.6948
229.018 15.9126
240.166 17.2825
249.586 23.8742
254.143 34.2734
211.985 37.6958
212.602 42.1568
213.121 46.4067
213.666 51.2587
207.453 71.7477
211.588 71.1136
215.939 70.3098
220.247 69.7929
224.453 69.1723
182.121 54.4713
187.077 48.483
193.916 46.7062
201.519 49.5807
195.263 52.6872
188.244 54.4841
225.723 46.1251
232.476 41.6423
239.86 41.8583
246.31 46.4048
240.089 48.0927
232.541 47.9159
201.438 104.834
204.679 89.1055
212.278 81.0381
217.22 81.6517
221.894 80.0356
231.003 86.1994
236.235 101.099
232.857 112.8
225.134 119.229
219.781 120.268
214.421 120.21
206.405 115.218
204.2 103.435
213.189 88.9713
217.886 88.1413
222.559 87.904
233.233 100.193
223.744 111.397
218.743 112.376
213.792 112.201
