173.797 69.4391
174.978 82.3433
176.896 94.3628
179.492 106.656
183.176 118.872
190.221 129.471
199.731 138.386
212.074 144.425
226.733 146.116
241.072 144.199
253.079 138.024
262.909 129.469
270.629 118.957
274.193 106.703
275.706 93.6879
276.723 81.3921
277.775 68.2737
178.942 59.2751
184.237 49.1644
194.755 43.2341
206.742 41.1703
218.082 43.9053
235.408 43.2574
246.162 40.2737
257.791 41.6604
268.168 47.3604
272.657 58.058
226.993 58.297
227.011 68.2021
226.927 77.8291
226.803 87.7635
212.982 94.317
219.631 96.3125
226.499 98.2694
233.346 96.5687
240.116 94.7101
191.089 64.3566
197.499 60.1149
204.65 60.0891
212.271 64.6956
204.84 65.5374
197.501 65.6676
240.496 64.4329
248.049 59.4747
255.319 59.4002
261.766 63.8262
255.551 65.36
247.969 65.3549
200.673 107.386
210.75 105.606
219.304 105.068
226.082 106.838
232.918 105.245
241.824 106.006
252.471 107.567
241.643 111.601
233.042 113.185
225.829 113.658
218.897 113.022
210.455 111.008
204.299 107.778
219.127 109.355
226.072 110.21
233.079 109.412
248.847 107.951
233.012 108.113
226.035 108.867
219.095 108.017
