166.411 76.1735
168.597 88.3877
172.829 100.563
178.359 112.395
185.195 123.369
193.166 133.324
201.868 142.003
211.626 146.31
223.596 147.339
235.49 143.34
244.782 136.797
253.393 126.876
260.277 116.373
265.35 104.923
268.253 91.9408
269.049 78.9143
269.087 65.9896
171.607 45.4978
173.381 34.1388
181.021 25.1579
191.596 21.1286
201.581 22.819
219.675 20.3022
229.278 16.0605
240.638 17.8126
250.271 24.8548
255.173 35.1274
211.736 38.3797
212.133 43.2156
212.34 47.8161
212.534 52.8161
206.862 73.1105
210.928 72.4546
215.139 71.6109
219.466 71.1681
223.835 70.5975
181.542 55.0212
186.672 48.5579
193.8 46.8037
201.643 50.44
195.239 53.6006
187.882 55.4209
225.697 47.0078
232.106 41.7721
239.727 41.9505
246.406 46.8557
240.255 48.6619
232.454 48.5928
201.031 105.737
203.869 90.0033
211.4 81.7567
216.398 82.2227
221.179 80.7764
230.472 87.1378
235.784 102.046
232.52 115.035
224.485 121.661
219.089 122.829
213.673 122.947
205.581 117.16
203.875 104.427
212.401 89.7195
217.113 88.7892
221.868 88.4864
232.826 101.18
223.071 113.588
218.04 114.514
212.992 114.44
