173.535 69.4283
175.799 84.7665
179.151 100.035
183.431 114.739
189.26 128.851
196.389 142.062
205.026 153.935
215.338 161.38
228.473 163.29
241.781 160.146
252.065 151.297
260.982 139.611
268.397 127.042
273.815 112.934
276.66 97.9956
278.266 83.2372
279.846 67.9243
179.196 57.6504
184.529 48.7456
194.532 43.7667
206.358 42.1628
217.518 44.5372
233.723 43.1907
243.869 39.3438
255.101 39.8523
265.538 44.0836
271.062 53.2144
225.929 55.1977
226.07 63.0625
226.164 70.9693
226.214 79.2801
215.986 89.3353
221.279 91.2076
226.926 92.8306
232.644 90.9811
237.822 88.7903
191.385 63.3261
197.256 58.7404
204.569 58.3564
211.957 61.9827
204.925 63.7419
197.507 64.3913
240.033 60.5465
246.925 56.2155
254.308 56.1145
260.386 60.1358
254.691 61.6735
247.259 61.7493
207.86 117.79
212.826 105.837
220.864 101.294
226.999 102.438
233.3 100.904
241.563 104.738
246.207 116.314
241.698 128.557
234.057 134.436
227.298 135.488
220.915 135.132
212.857 130.359
210.11 116.675
221.294 105.915
227.32 105.801
233.602 105.351
243.489 115.493
233.472 127.426
226.913 128.737
220.737 128.187
