179.298 65.8478
180.88 78.5088
183.062 90.5781
185.659 102.934
189.135 115.294
195.916 125.996
205.25 134.257
217.011 140.019
230.482 141.702
243.653 139.81
254.562 134.137
263.734 126.209
270.568 116.172
274.107 104.617
276.879 92.4986
279.315 80.9449
281.525 68.3559
186.38 54.233
191.646 44.0733
201.993 38.437
213.893 36.793
225.003 39.8646
241.557 39.5722
251.933 36.8603
263 38.2836
272.447 43.7477
276.322 54.2136
233.55 54.8871
233.483 63.9644
233.462 72.7486
233.386 81.8198
221.437 90.9623
226.887 92.7232
232.571 94.1104
238.154 92.8732
243.387 91.0981
198.089 61.5804
204.387 56.55
211.97 56.4695
219.021 61.5765
212.008 63.458
204.174 63.9057
245.891 61.5489
253.229 56.4605
260.754 56.6638
266.361 61.6151
260.831 63.9764
253.077 63.5762
211.313 109.784
219.182 105.675
226.254 103.543
231.464 105.077
237.099 103.636
243.818 106.085
251.231 110.381
243.789 114.273
236.883 115.301
231.142 115.615
225.721 115.106
218.755 113.426
214.857 109.698
226.068 108.143
231.437 108.722
237.118 108.23
247.665 110.177
237.025 108.811
231.383 109.409
226.068 108.7
