173.359 69.5533
175.72 84.6833
178.802 99.7174
182.897 114.055
188.826 128.183
196.124 141.377
204.69 153.201
214.883 161.261
228.157 163.743
241.472 160.384
251.791 151.303
261.164 139.809
269.183 127.378
274.699 113.537
277.369 98.3723
278.7 83.5674
279.947 68.1689
178.944 57.8341
184.217 48.664
194.165 43.4325
206.17 41.5334
217.708 43.6319
233.494 42.4546
243.708 38.8046
254.938 39.6213
265.294 43.8288
271.101 52.8464
225.592 55.1078
225.693 62.9422
225.717 70.8098
225.651 79.085
215.843 89.1984
220.87 91.2563
226.385 92.9253
232.134 90.9444
237.44 88.565
191.18 63.2725
197.184 58.7842
204.53 58.1463
212.015 61.6271
204.883 63.4632
197.509 64.1683
240.046 60.3968
246.978 56.3823
254.33 56.3357
260.51 60.1989
254.554 61.6681
247.164 61.5801
207.749 117.195
212.839 105.923
221.087 101.455
227.164 102.592
233.189 101.007
241.671 104.702
246.348 115.774
241.742 128.914
233.91 135.064
227.284 136.151
220.92 135.699
212.761 130.72
210.079 116.417
221.457 105.894
227.401 105.776
233.428 105.366
243.532 115.147
233.328 128.017
226.977 129.188
220.893 128.638
