163.523 76.2002
167.633 88.3463
172.272 99.7541
176.951 111.517
181.889 123.325
189.221 133.608
199.593 141.779
212.289 146.516
226.64 146.42
240.226 142.571
251.323 134.408
260.642 124.558
267.082 112.452
268.509 98.8574
268.028 85.2781
267.823 72.4498
267.453 58.4209
166.948 64.8885
169.536 54.0558
177.965 46.6414
189.073 43.0257
201.003 42.8906
217.732 39.8811
227.929 36.384
238.904 36.2296
249.395 39.9553
256.132 48.1243
211.773 59.4412
212.927 68.5518
214.038 77.5285
215.181 86.7296
206.685 97.6334
211.977 98.4517
217.394 98.967
222.843 96.8033
228.13 94.6074
180.171 71.1252
185.057 65.8962
192.469 64.7211
199.909 68.4714
193.37 71.849
185.685 73.263
226.406 63.4347
232.53 57.2709
240.257 56.3172
246.931 59.8369
241.656 63.6122
233.728 64.5522
202.449 117.883
208.448 112.643
214.016 109.325
218.967 110.084
223.762 107.579
231.408 108.579
239.71 111.53
233.611 116.458
226.752 119.155
221.48 120.532
216.337 120.889
210.01 120.865
205.479 116.777
215.15 114.452
220.032 114.163
225.127 112.681
235.84 111.677
225.268 113.037
220.128 114.614
215.204 114.75
