173.092 70.6704
175.203 84.2497
178.647 97.3145
182.027 110.201
185.944 123.01
192.574 133.932
201.757 143.028
213.469 149.095
227.078 150.32
241.022 147.817
252.858 141.138
263.513 132.568
271.094 122.012
274.972 109.386
276.828 96.0188
278.081 82.8223
279.614 68.8394
179.31 55.6799
184.241 45.7632
193.837 40.797
204.814 40.1442
214.919 43.2552
236.258 41.7352
246.034 38.6539
256.215 39.4463
265.294 44.6376
269.778 53.9117
225.941 61.2423
226.129 71.0039
226.34 80.4548
226.435 90.0173
215.647 99.987
220.939 101.484
226.539 102.584
231.954 101.264
237.044 99.5877
190.742 67.3385
196.727 60.4109
205.408 60.5992
212.533 68.4166
205.483 71.134
196.501 71.3605
238.88 67.1806
245.798 58.9661
254.388 58.6034
260.413 64.9592
255.382 69.0754
246.646 69.5609
207.075 120.081
215.079 115.042
221.534 112.56
225.953 113.982
231.288 112.234
238.131 114.309
245.718 118.629
238.425 122.185
232.039 123.876
226.284 124.404
221.506 124.383
214.86 123.136
210.699 119.504
221.629 118.032
226.161 118.375
231.678 117.6
242.085 118.234
231.653 117.532
226.158 118.451
221.544 117.96
