173.565 76.597
175.898 90.8696
179.455 104.415
183.062 117.844
187.562 131.002
194.838 142.736
203.708 151.779
215.191 158.12
228.959 159.734
242.749 156.927
253.789 148.879
262.986 138.869
269.436 126.951
272.973 114.258
274.755 101.03
276.359 88.4053
277.916 74.2794
179.361 65.573
184.942 55.6578
195.532 50.8847
207.448 50.1746
218.484 53.4142
237.703 52.2882
247.84 49.2104
258.754 50.1149
268.682 55.2069
272.917 65.1478
228.261 72.1704
228.492 83.4993
228.679 94.2761
229.023 105.058
217.338 112.676
223.063 114.632
228.767 116.195
234.079 114.457
239.272 112.321
192.542 76.1853
198.767 71.2465
206.813 71.672
214.013 77.5404
206.588 79.5547
198.319 79.7031
240.922 76.8508
248.235 70.7497
256.102 70.4727
261.786 75.2916
256.587 78.7108
248.61 78.9252
208.743 129.593
216.808 126.379
223.469 124.988
228.572 126.479
234.131 124.589
240.745 125.661
247.558 128.203
241.045 133.582
234.586 136.229
228.737 137.007
223.228 136.764
216.409 134.676
212.212 129.533
223.605 129.491
228.848 130.136
234.52 129.03
243.978 128.49
234.263 129.634
228.527 130.746
223.246 130.005
