173.577 66.8407
174.446 79.7019
176.224 91.687
178.954 104.001
182.506 116.261
189.511 127.501
199.012 136.831
211.373 143.1
226.036 144.884
240.684 142.568
252.768 135.831
263.007 126.753
270.496 115.183
273.725 102.539
275.295 89.2723
276.227 77.1723
276.909 64.3993
178.454 57.2282
182.766 46.5879
192.829 40.156
204.786 38.4048
215.844 41.3548
234.166 40.3742
244.723 36.6065
256.157 37.1719
266.183 43.2565
270.727 53.6795
225.641 56.8871
225.688 66.1477
225.642 75.1132
225.68 84.5291
212.605 92.4462
218.996 94.3285
225.32 96.0086
231.748 94.3696
238.055 92.6429
190.745 63.8392
197.105 59.1683
204.396 59.2419
211.95 64.1275
204.597 65.3715
196.994 65.5864
238.482 63.3556
246.052 57.9431
253.462 57.8366
259.636 62.3716
253.745 64.3677
246.085 64.5163
200.79 106.432
210.388 104.264
218.858 103.326
224.772 104.9
231.383 103.402
240.446 104.53
251.137 106.192
240.442 111.691
231.48 113.715
224.663 114.349
218.431 113.694
210.222 111.289
204.334 106.99
218.658 107.988
224.754 108.63
231.45 107.827
247.653 106.735
231.41 108.241
224.781 108.966
218.642 108.176
