173.4 71.5493
175.625 84.2611
178.695 96.0339
181.971 108.226
185.647 120.257
191.851 131.16
200.512 139.88
211.885 145.849
225.677 147.504
239.663 145.274
250.824 138.629
259.926 130.062
266.305 119.665
269.585 107.99
271.676 95.7119
274.127 83.8447
276.309 70.5361
178.706 59.2507
183.852 49.4593
193.992 43.9457
205.895 41.7739
217.222 44.0488
234.426 43.3721
244.775 40.5596
256.054 41.8669
265.991 46.8331
270.681 56.6982
225.911 59.3718
226.058 68.8793
226.166 78.1894
226.313 87.6842
215.302 97.4436
220.503 98.9753
225.953 100.095
231.415 98.9847
236.745 97.2273
191.209 66.638
197.408 61.2007
205.309 60.9366
212.658 66.5682
205.395 68.9111
197.268 69.5125
238.863 65.6477
246.044 59.8029
253.909 59.668
259.823 64.7331
254.319 67.7588
246.294 67.7666
206.981 116.312
213.864 111.672
220.313 109.521
225.861 111.154
231.493 109.34
238.179 111.472
245.235 115.909
238.417 119.807
231.784 121.271
225.904 121.805
220.244 121.486
213.681 119.952
210.123 115.909
220.391 114.307
226.042 114.905
231.773 114.079
241.932 115.694
231.573 114.837
225.845 115.696
220.289 115.033
