173.588 68.2222
175.421 82.9128
178.608 97.4477
183.16 111.904
188.94 125.539
196.455 138.785
205.168 150.85
215.427 158.606
228.736 160.507
242.233 156.822
252.699 147.413
261.992 135.282
269.72 122.674
274.634 108.92
277.105 94.3799
278.232 79.7715
279.181 64.8246
179.112 57.2152
184.131 48.3054
193.926 42.8679
205.489 41.0786
216.352 43.3583
232.444 42.2081
242.443 38.7213
253.532 39.3323
263.793 43.4965
269.961 51.8305
224.824 55.1559
224.903 62.7855
224.847 70.6496
224.73 78.934
215.792 90.1676
220.731 91.7015
225.904 93.1397
231.439 91.5442
236.58 89.2857
191.052 62.6859
196.988 58.3078
204.374 57.6943
211.413 61.5084
204.466 63.1229
196.976 63.7562
239.685 59.9789
246.246 55.6774
253.738 55.3736
260.02 59.1477
254.111 61.081
246.633 61.1101
208.033 117.824
212.823 107.684
220.781 102.945
226.236 104.282
231.539 102.49
239.786 106.423
245.385 116.167
240.337 128.282
232.898 133.822
227.091 134.855
221.17 134.582
213.179 129.84
210.494 117.16
221.192 108.845
226.643 108.604
232.033 108.267
242.077 115.872
232.134 125.762
226.629 127.036
221.037 126.592
