186.284 64.1952
186.501 77.8515
186.955 90.6941
187.644 103.848
189.689 117.139
196.418 128.423
205.87 137.893
217.909 145.286
232.318 148.515
246.765 147.162
258.437 140.523
268.023 131.581
275.368 121.492
279.529 110.233
282.32 98.5863
284.94 87.3984
287.362 75.3584
194.26 56.9921
201.697 47.9227
213.347 44.2464
225.723 44.4367
237.12 49.2253
254.658 50.581
264.443 47.8608
274.788 49.2295
283.605 54.8702
285.839 65.9954
244.573 64.5681
243.848 74.9728
243.142 85.1186
242.33 95.4909
227.191 98.5549
233.382 101.18
239.745 104.17
245.879 103.139
251.876 101.753
207.262 63.8989
214.056 60.1833
221.458 61.2904
228.089 67.5888
220.662 67.7024
213.113 66.8143
255.085 70.867
262.529 66.1028
269.875 66.5613
275.15 71.9535
269.633 73.2896
262.125 72.7543
211.301 108.843
222.254 109.142
231.864 109.984
238.229 112.15
244.769 111.28
252.644 112.573
261.179 113.78
251.157 119.272
243.024 120.908
236.156 120.967
229.366 119.614
220.123 115.554
214.731 109.893
231.27 113.57
237.869 115.117
244.439 114.782
257.48 114.521
243.591 115.209
236.929 115.578
230.285 114.144
