173.555 70.4781
175.945 83.219
179.186 95.1524
182.408 107.265
185.703 119.486
191.817 131.011
200.925 140.037
212.786 145.344
226.565 146.904
240.601 144.928
251.905 138.877
261.231 129.908
267.887 118.924
271.181 106.69
273.327 93.8744
275.707 81.4027
277.985 67.6055
179.756 57.3912
184.892 47.8218
194.711 42.4385
206.466 40.4914
217.883 42.7049
233.988 41.7045
244.528 39.2365
255.814 40.9119
265.581 45.9535
270.142 55.7938
226.634 58.0535
226.741 67.2372
226.851 76.1933
226.972 85.4698
215.935 95.0355
221.203 96.6386
226.917 98.0771
232.417 96.795
237.632 94.9667
192.473 66.9539
198.627 63.9936
205.399 63.63
212.71 65.8941
205.745 68.0224
198.763 68.7292
239.455 65.0532
246.693 62.445
253.479 62.6266
259.557 65.3179
253.584 67.3295
246.56 67.0817
207.908 114.639
214.689 109.527
220.996 107.322
226.463 109.03
232.246 107.182
238.62 109.388
245.739 114.682
238.845 118.134
232.447 119.34
226.38 119.834
220.699 119.444
214.24 118.042
211.122 114.097
221.063 111.806
226.635 112.477
232.567 111.745
242.173 114.113
232.273 113.396
226.312 114.126
220.794 113.463
