171.119 72.3019
173.237 85.112
176.553 97.2546
180.34 109.151
184.4 120.844
191.031 131.481
200.317 138.975
212.115 143.351
225.697 143.791
239.067 141.035
250.164 134.949
260.082 127.03
266.903 116.735
269.861 104.858
271.591 92.6125
273.175 80.7257
274.036 68.2852
176.009 55.2741
179.992 44.7693
189.349 38.6507
200.812 37.1509
211.74 39.811
230.581 38.0485
240.687 34.2636
251.836 34.4345
261.703 40.123
266.054 50.5539
222.289 55.0497
222.605 63.7335
222.94 72.2151
223.26 80.9983
212.462 92.3928
217.698 93.8197
223.11 94.7014
228.803 93.5091
234.259 91.7052
188.146 64.5302
194.004 59.5493
201.344 59.1496
208.714 63.5819
201.917 66.0099
194.195 66.8438
235.577 61.9062
242.594 56.6596
250.11 56.561
255.891 61.1704
250.427 63.7808
242.784 63.7501
204.288 112.095
211.665 106.908
218.123 104.33
222.977 105.776
228.378 103.894
235.247 106.083
243.485 109.834
235.838 113.633
229.163 115.002
223.488 115.863
218.462 115.716
211.843 114.877
207.588 111.515
218.311 108.86
223.255 109.232
228.836 108.351
239.889 109.838
228.776 108.775
223.211 109.858
218.352 109.604
