175.317 68.5716
177.48 81.8733
180.643 94.3562
183.674 106.768
186.795 118.951
193.238 130.139
202.286 138.657
214.499 144.278
228.769 145.799
242.604 143.524
253.808 137.086
262.897 128.372
269.24 117.416
272.383 105.379
274.868 92.9949
277.364 81.0404
279.541 67.7167
181.847 56.6024
186.575 46.2685
196.64 40.7259
208.496 39.4789
219.407 42.6601
238.598 41.5908
248.845 37.987
259.85 38.8386
269.092 44.498
272.827 54.7829
229.377 57.8365
229.555 67.1459
229.73 76.0634
229.9 85.3156
217.988 94.855
223.407 96.6728
229.055 97.9716
234.634 96.7535
239.772 94.8967
194.365 65.5111
200.722 60.9748
208.281 60.9365
215.231 65.5067
208.378 67.6227
200.524 68.0673
241.777 64.6896
249.191 59.915
256.674 60.0156
262.329 64.4155
256.912 66.9007
249.185 66.7085
209.04 113.732
216.754 109.54
223.396 107.658
228.273 109.255
233.758 107.517
240.373 109.503
247.682 113.631
240.425 117.348
233.94 118.589
228.294 119.185
223.237 119.001
216.401 117.931
212.356 113.468
223.393 112.069
228.395 112.605
234.011 111.869
244.069 113.413
233.827 112.283
228.234 113.269
223.298 112.768
