163.11 75.7034
166.379 85.9751
169.887 95.7756
173.918 105.606
178.277 115.472
185.255 123.621
195.349 128.415
207.261 129.805
220.606 128.74
233.998 126.246
244.965 121.896
254.625 115.422
261.153 106.651
263.574 95.4899
264.607 84.1153
265.298 72.7886
265.418 60.8373
165.969 53.2836
168.104 42.1725
175.43 33.7918
186.053 29.0383
196.987 29.259
212.6 26.3554
222.861 22.8495
234.543 24.4604
244.827 30.1056
251.403 39.4549
206.811 45.6433
207.476 51.594
208.032 57.3432
208.696 63.3153
201.897 79.7169
206.583 79.6125
211.34 79.209
216.362 78.3051
221.346 76.9249
177.079 61.6731
181.491 56.0242
188.42 54.21
196.086 56.7948
189.981 60.2332
182.853 62.2557
221.85 51.8977
228.307 46.8019
235.685 46.7973
242.55 50.7503
236.376 52.9272
228.798 53.2942
197.031 102.839
202.437 94.7922
207.955 89.702
212.585 90.1489
216.979 87.8871
224.66 90.8341
233.609 96.5955
226.598 98.8892
220.023 100.277
215.303 101.398
210.666 101.923
204.412 102.593
199.961 101.07
209.069 95.7776
213.63 95.0762
218.233 94.0068
229.592 95.8986
218.582 94.7367
214.018 95.9295
209.502 96.2393
