173.802 67.3762
175.163 80.5867
177.453 92.8469
180.195 105.311
183.461 118.139
190.219 129.298
199.396 138.257
211.362 144.31
225.568 145.936
239.877 143.595
252 136.563
262.358 128.098
269.961 117.366
273.253 105.186
275.006 92.1352
276.423 79.8279
277.719 66.2068
179.198 56.9575
184.333 47.6286
194.186 42.0586
205.715 39.9504
216.653 42.5903
235.743 42.0209
245.795 38.8074
256.505 39.6503
266.068 44.5934
270.543 54.2774
226.548 58.2552
226.541 67.4117
226.515 76.2724
226.461 85.3323
214.254 94.6769
220.015 96.3157
225.847 97.6261
231.787 96.4249
237.641 94.8481
191.743 64.512
198.021 59.7131
205.485 59.6726
212.503 64.8316
205.499 66.4415
197.858 66.6785
239.199 64.3852
246.395 59.0359
253.981 58.7834
260.063 63.5522
254.358 65.8745
246.595 65.9201
203.264 109.81
212.19 107.717
219.624 106.63
225.101 108.195
230.898 106.751
238.508 108.132
247.35 110.291
238.237 115.189
230.743 116.415
224.618 116.844
218.883 116.178
211.536 114.364
206.805 110.277
219.524 110.824
225.189 111.51
231.07 110.872
243.664 110.885
230.693 111.087
224.784 111.806
219.149 110.956
