161.602 84.2233
167.007 96.044
172.594 107.029
178.047 118.052
183.701 129.078
191.949 138.032
202.713 144.444
215.424 147.871
228.778 146.785
240.91 142.628
251.611 135.076
260.105 125.296
265.778 113.422
266.639 99.9804
265.574 86.6228
264.476 73.5711
263.582 59.4383
164.145 68.2574
165.438 56.6944
173.089 49.1438
183.087 45.3143
193.602 45.0042
211.92 40.6419
221.581 35.7265
232.566 35.2895
243.206 39.2271
249.818 47.8734
206.744 61.2815
208.829 70.6581
210.777 79.6929
212.931 88.9669
206.293 100.931
211.232 100.842
216.091 100.792
220.64 98.4483
225.133 96.3202
176.547 75.5815
180.518 69.6403
187.816 67.8879
195.914 71.6765
189.433 75.8157
181.938 77.6358
221.909 64.4907
227.071 57.6957
234.667 56.248
241.413 59.6529
236.908 63.8191
229.052 65.3069
203.667 120.701
208.552 114.949
213.545 111.025
218.032 111.532
222.185 108.885
229.299 109.871
237.138 112.502
231.827 117.375
226.002 120.151
221.346 121.795
216.618 122.462
210.9 122.926
206.36 119.422
214.921 116.242
219.329 115.825
223.896 114.118
233.551 112.872
223.877 114.273
219.387 116.044
214.914 116.603
