173.569 71.5267
175.978 85.1159
179.206 97.7625
182.361 110.383
185.609 122.804
191.955 134.041
201.284 142.624
213.057 147.772
226.597 149.155
240.422 147.547
252.105 141.963
261.779 133.491
268.876 122.598
272.324 110.228
274.219 96.5729
275.918 83.4775
277.834 69.24
178.837 58.835
183.877 49.5831
193.799 44.3696
205.4 42.6717
216.554 45.064
234.185 43.7763
244.65 41.2652
256.015 42.6089
265.808 47.5011
270.292 57.1813
225.896 60.4069
226.075 69.6847
226.231 78.8269
226.409 88.1189
215.414 98.3434
220.561 99.8817
226.129 100.995
231.665 99.7421
236.909 97.9101
191.502 67.4553
197.848 62.8969
205.383 62.7552
212.748 67.4807
205.472 69.4541
197.719 69.982
238.853 66.4935
246.246 61.6948
253.655 61.5964
259.515 65.9522
253.757 68.5266
246.215 68.2896
206.44 117.412
213.79 112.61
220.493 110.377
225.738 111.938
231.377 110.08
238.2 111.975
245.363 116.374
238.473 120.389
231.712 121.932
225.994 122.605
220.549 122.402
213.618 121.377
209.475 117.138
220.516 115.113
225.913 115.631
231.593 114.776
241.921 116.196
231.614 115.377
225.968 116.317
220.628 115.885
