174.092 68.4356
175.691 80.8795
178.172 92.9576
181.015 105.238
184.443 117.564
190.997 128.72
200.225 137.56
211.693 143.635
225.003 145.653
238.464 144.237
249.408 138.262
259.005 130.171
266.472 119.78
270.659 108.008
273.386 95.4117
275.64 83.2533
277.795 70.0739
180.973 55.5016
185.654 45.861
195.391 40.2489
206.985 38.4888
218.118 41.2377
236.014 40.7934
246.449 37.5529
257.611 38.8106
267.114 44.3969
271.012 54.782
227.297 56.6378
227.338 65.2917
227.366 73.7306
227.301 82.5304
215.924 93.224
221.308 94.837
226.814 96.1354
232.358 95.0702
237.523 93.1767
193.039 64.5483
199.339 59.9908
206.721 59.7345
213.64 63.9607
206.837 66.4043
199.188 66.982
240.087 63.6318
247.527 59.188
254.88 59.3151
260.445 63.7818
254.848 66.2341
247.351 65.8287
206.69 112.292
214.156 107.922
220.829 106.161
225.823 107.805
231.187 106.164
237.645 108.176
245.325 112.491
237.636 115.721
231.157 116.732
225.527 117.198
220.433 116.831
213.836 115.189
209.896 112.007
220.731 110.213
225.816 110.932
231.305 110.275
241.809 112.292
231.132 111.449
225.668 112.213
220.61 111.521
