175.084 69.1342
177.476 81.8947
180.69 93.6423
183.553 105.793
186.818 118.396
193.248 129.014
202.581 137.357
214.501 142.571
228.173 143.667
242.177 141.328
253.775 135.312
263.337 126.856
270.193 116.84
273.543 104.989
275.535 92.7891
277.469 81.0663
279.131 67.871
181.054 56.8478
186.08 47.0296
196.137 41.8412
207.858 39.7889
218.795 41.7227
232.824 40.9431
243.323 38.8919
254.697 41.1566
264.706 46.2933
269.783 55.6219
226.87 57.2629
227.111 66.2833
227.254 75.0232
227.339 84.0605
216.63 93.7217
221.953 95.3094
227.426 96.5265
232.839 95.3592
238.049 93.6525
192.367 63.5821
198.241 58.3318
206.021 58.2222
213.502 63.5882
206.399 65.5728
198.406 66.3491
239.777 63.0157
246.854 57.34
254.542 57.582
260.54 62.58
254.866 65.0619
247.03 64.9205
210.661 114.498
216.564 108.433
222.489 105.893
227.618 107.488
233.147 105.897
239.89 108.553
246.501 114.176
239.968 116.228
233.252 117.055
227.573 117.461
222.152 116.961
216.014 115.958
213.778 113.18
222.537 110.517
227.78 111.099
233.403 110.423
242.995 112.999
233.109 110.816
227.513 111.473
222.281 110.84
