173.699 69.8478
176.106 85.1049
179.326 100.219
183.487 114.646
189.115 129.245
196.321 143.206
204.888 155.529
215.426 163.708
228.535 165.903
241.366 162.054
251.25 152.151
259.787 139.245
266.66 125.974
271.601 111.704
274.457 96.6844
276.149 81.7834
277.493 66.5651
179.227 58.0464
184.371 48.9535
194.197 43.9727
205.985 42.0132
217.039 44.3329
234.174 42.9624
244.282 39.679
255.13 40.1702
264.998 43.9267
270.376 52.4968
225.996 55.3936
226.326 62.9847
226.706 70.6257
227.097 78.9165
216.456 89.1608
221.558 90.8491
226.97 92.2575
232.572 90.3598
237.61 88.1567
191.034 63.3647
197.037 58.8433
204.5 58.4448
211.677 62.0233
204.572 63.6353
197.25 64.291
240.188 60.3691
247.105 56.2563
254.483 55.9629
260.166 59.9022
254.682 61.6248
247.382 61.6328
207.565 118.443
212.151 106.32
220.638 101.74
226.943 102.851
233.322 101.049
241.843 104.503
246.063 116.032
242.168 129.765
234.168 136.842
227.27 138.106
220.611 137.694
212.132 132.25
209.737 117.522
220.987 106.066
227.246 105.941
233.638 105.295
243.554 115.508
233.646 130.028
226.943 131.546
220.52 131.017
