166.775 74.5545
167.959 85.5928
170.903 96.1475
175.257 106.751
180.469 117.195
187.085 126.683
195.59 134.741
205.666 140.131
218.102 141.405
230.878 138.104
242.005 132.295
252.23 123.79
260.602 114.752
266.542 103.883
269.609 90.9872
269.671 78.0805
268.995 65.2213
171.298 45.1348
172.96 34.6253
180.345 27.0614
190.256 24.135
199.451 26.8698
217.09 23.8068
225.957 18.636
236.787 19.5294
246.183 25.007
251.96 33.9986
209.232 40.8979
209.39 46.1378
209.281 51.2142
209.071 56.7368
203.968 76.4063
208.031 75.9122
212.243 75.3059
216.405 74.6049
220.646 73.7105
180.402 56.9445
184.968 50.7649
191.866 49.1134
199.517 52.7146
193.322 55.684
186.23 57.4375
223.608 48.7396
229.777 43.5018
237.266 43.367
243.925 47.7892
237.846 49.7412
230.188 49.8763
198.156 103.598
201.748 91.71
208.543 84.4872
213.434 84.8657
217.814 82.9542
226.888 87.6747
233.509 98.7245
228.647 109.204
220.899 114.453
215.974 115.683
210.849 115.951
203.235 112.199
201.162 102.529
209.546 92.6129
214.143 91.5327
218.506 90.8468
230.162 98.0253
219.584 105.994
214.941 107.237
210.159 107.519
