172.957 70.6191
175.058 84.9381
178.733 98.3501
182.883 111.846
187.262 125.333
194.126 137.91
202.812 148.404
213.96 155.49
227.707 157.115
241.392 153.674
252.221 144.708
261.572 134.125
268.98 122.43
273.025 109.441
275.363 95.6669
277.27 82.4235
278.757 68.2334
179.425 57.5111
184.454 48.3588
193.944 43.3413
205.013 41.56
215.913 43.6696
235.396 42.8893
245.121 40.3578
255.577 41.4548
264.82 46.0119
269.807 54.5867
225.772 59.175
225.971 68.3354
226.177 77.178
226.309 86.2125
215.941 96.9551
221.018 98.4537
226.326 99.6184
231.727 98.0018
236.893 95.7268
191.147 66.2476
197.519 60.7557
205.37 60.4721
212.659 65.9178
205.363 67.8461
197.444 68.4022
239.102 64.2772
246.001 58.7634
253.7 58.5299
259.746 63.2876
254.002 65.6667
246.38 65.6204
207.31 120.369
213.386 112.878
220.571 109.237
226.312 110.645
231.969 108.515
239.13 110.954
244.693 117.618
239.499 126.503
232.664 130.77
226.53 131.998
220.449 131.831
213.276 128.619
210.453 120.023
220.769 115.11
226.567 115.087
232.26 114.184
241.368 117.647
232.298 123.113
226.473 124.425
220.583 124.164
