167.563 72.9427
169.204 85.4683
173.087 98.1232
178.516 110.367
184.939 121.665
192.875 132.511
201.968 141.695
211.774 147.07
223.832 148.143
236.168 144.348
245.61 136.592
254.335 126.009
261.213 114.844
266.006 102.656
269.169 89.3637
270.066 76.3109
269.834 63.4207
172.676 44.7761
174.992 33.4855
183.059 24.8518
193.668 21.3477
203.893 23.3457
220.284 20.4296
230.146 16.152
241.366 17.7463
250.931 24.5283
255.606 34.8825
213.157 38.3312
213.522 42.8233
213.777 47.2767
214.084 52.249
208.289 72.8336
212.163 72.0277
216.1 71.1069
220.239 70.8208
224.278 70.4424
182.759 54.4233
187.842 48.5026
195.02 46.786
202.473 50.0913
196.332 53.1142
188.988 54.8271
226.594 46.6022
233.029 41.8302
240.576 42.0157
247.102 46.6877
241.028 48.3217
233.367 48.2292
201.612 106.09
204.477 90.1378
212.12 82.0532
217.071 82.7467
222.15 81.1422
231.062 87.4022
236.161 102.395
232.858 114.953
225.298 121.478
219.659 122.625
214.21 122.569
206.127 116.892
204.322 104.673
212.981 89.906
217.748 89.0501
222.776 88.7979
233.133 101.608
223.929 113.632
218.599 114.658
213.576 114.536
