182.88 64.4083
184.18 77.3255
186.222 89.4899
188.389 101.447
191.449 113.939
198.035 124.494
207.293 133.195
218.914 139.599
232.603 141.803
246.34 140.1
257.475 134.12
266.571 125.806
273.417 115.641
277.039 104.156
279.761 92.1432
282.223 80.456
284.454 67.9808
189.56 53.6755
195.662 44.0278
206.373 38.9771
218.579 37.451
229.483 40.9979
245.163 40.3847
255.657 37.6725
266.629 39.3581
276.197 44.6783
280.043 55.2404
237.419 55.1691
237.358 64.1895
237.325 72.9309
237.215 81.8824
224.343 90.9729
230.132 92.6385
235.878 93.9904
241.703 93.0505
247.009 91.5467
201.186 61.5836
207.932 57.3472
215.401 57.3866
222.606 62.0161
215.512 63.5151
207.662 63.8198
249.119 62.3123
256.878 57.8807
264.251 58.2335
270.141 62.5435
264.191 64.5378
256.526 64.1716
213.883 108.727
221.97 104.403
229.132 102.402
234.301 104.171
240.133 102.819
246.734 105.624
254.055 110.084
246.469 114.098
239.828 115.534
233.689 115.863
228.145 115.246
221.169 112.981
217.432 108.508
228.773 107.441
234.099 108.18
240.023 107.74
250.34 109.858
240.018 108.614
234.053 109.204
228.655 108.352
