185.844 64.6828
186.044 78.3971
186.178 91.3591
186.544 104.294
188.687 117.54
195.428 128.768
204.835 138.307
216.972 146.332
231.392 149.717
245.594 148.612
257.488 142.093
267.174 133.351
274.363 123.379
278.807 112.189
281.748 100.355
284.421 89.0573
287.067 76.3386
193.62 57.2501
200.703 48.133
212.22 44.139
224.405 44.1486
235.756 48.676
254.715 49.9852
264.757 47.5459
275.088 49.1143
283.916 55.1883
285.961 66.3445
244.113 64.3097
243.562 74.3764
242.938 84.1707
242.179 94.2293
226.872 98.5771
233.306 101.146
239.674 103.959
245.51 103.147
251.358 101.802
206.885 64.7206
213.895 60.5896
221.522 61.6051
228.051 67.9672
220.695 68.2346
212.925 67.5241
254.77 71.228
262.284 66.2081
269.592 66.705
274.827 72.1619
269.388 73.695
261.853 73.0947
211.52 109.861
222.155 109.316
231.675 109.84
237.542 112.137
243.828 111.205
251.432 112.944
259.654 114.944
249.884 120.179
241.922 121.779
235.343 121.778
229.016 120.547
219.976 116.716
215.17 110.777
231.033 113.911
237.167 115.456
243.448 115.163
255.801 115.506
242.55 115.882
236.225 116.248
229.997 114.89
