173.694 68.2406
174.79 81.005
176.787 93.1945
179.258 105.369
182.73 117.652
189.841 128.556
199.389 137.386
211.623 143.624
226.092 145.196
240.728 143.111
252.782 136.714
262.95 128.608
271.08 118.445
275.031 106.541
276.586 93.55
277.718 81.3761
278.853 68.104
178.991 59.5497
184.233 49.2324
194.779 43.1398
206.982 40.7903
218.22 43.7575
235.645 43.0399
246.37 39.8566
257.963 41.2537
268.226 46.5982
272.942 57.0637
227.169 58.4106
227.203 68.1672
227.173 77.6464
227.161 87.4094
213.357 94.278
219.908 95.9973
226.46 97.901
233.199 96.2024
239.862 94.5513
191.123 64.1989
197.544 60.1416
204.759 60.1838
212.224 64.7871
204.803 65.6012
197.444 65.7548
240.516 64.4109
247.953 59.3406
255.284 59.1837
261.764 63.5031
255.479 65.0868
247.976 65.19
200.495 107.252
210.644 105.374
219.311 104.649
225.997 106.373
233.053 104.679
241.88 105.636
252.368 107.18
241.565 111.578
232.836 113.295
225.554 113.84
218.591 113.258
210.189 111.406
204.349 107.653
219.037 108.739
225.909 109.541
233.073 108.659
248.646 107.613
232.969 108.308
225.81 109.158
218.935 108.347
