173.978 72.2456
176.345 85.357
179.663 97.5644
182.921 109.691
186.297 121.585
192.684 132.525
201.932 140.403
213.603 145.422
227.054 146.409
240.617 144.929
252.063 139.68
261.698 132.053
268.487 121.711
271.865 109.671
273.712 96.5451
275.35 83.9211
277.054 70.4592
179.188 58.4778
184.253 48.6875
194.112 43.118
205.899 41.4081
217.01 44.0562
234.412 42.7712
244.693 39.1717
256.013 39.6657
266.005 44.8986
270.593 54.8907
225.798 59.1113
226.034 68.1694
226.259 76.9395
226.49 86.0445
215.591 96.4457
220.858 97.7494
226.422 98.7712
231.846 97.5686
237.079 96.0056
191.597 66.8257
197.528 61.9352
205.119 61.5146
212.292 66.4961
205.295 68.8663
197.485 69.4705
239.272 65.3968
246.532 60.0472
254.016 60.0104
259.936 64.7147
254.145 67.4553
246.591 67.3497
207.937 117.371
214.406 111.001
220.699 108.327
225.921 109.734
231.283 107.959
237.987 110.238
244.848 115.528
238.237 118.427
231.779 119.446
226.251 120.081
220.922 119.987
214.492 119.591
211.055 116.735
220.816 113.22
226.107 113.534
231.544 112.751
241.373 115.275
231.515 113.53
226.092 114.483
220.889 114.153
