170.672 69.7368
172.926 82.5943
176.304 94.6723
179.752 106.633
183.1 118.733
189.675 129.707
199.208 137.839
211.347 142.904
225.262 143.472
238.966 140.932
250.265 134.775
260.222 126.5
267.079 115.857
269.769 103.475
271.232 90.6723
272.565 78.3808
273.737 65.4031
175.982 55.2076
180.126 44.704
189.683 38.5486
201.03 36.973
211.996 39.521
230.422 37.9745
240.525 34.0949
251.581 34.3609
261.329 39.8545
265.753 49.8155
222.003 54.947
222.285 63.6604
222.605 72.2205
222.878 80.9937
212.328 91.9477
217.622 93.2885
222.908 94.2659
228.352 92.9657
233.669 91.3078
188.045 64.5331
193.863 59.6208
201.346 59.1202
208.526 63.2635
201.758 66.1296
194.077 66.9594
235.443 61.7441
242.417 56.7823
250.037 56.6263
255.662 60.9489
250.423 63.8017
242.691 63.8486
204.074 112.024
211.326 107.061
217.821 104.557
222.763 106
228.365 104.222
235.441 106.405
243.365 110.125
235.884 113.516
229.257 114.698
223.4 115.437
218.303 115.321
211.593 114.597
207.333 111.485
218.093 109.044
223.099 109.448
228.817 108.636
239.776 110.006
228.675 108.839
222.999 109.753
218.091 109.37
