173.722 69.0052
176.306 81.7553
179.795 93.3383
182.939 105.357
186.389 117.646
193.042 128.455
202.318 137.043
213.858 142.473
227.687 143.695
241.423 141.369
252.509 135.067
262.019 126.359
268.946 115.793
272.385 103.592
274.395 91.065
276.621 78.7764
278.139 64.9305
179.692 57.8314
184.931 47.9667
195.132 42.9622
206.876 40.5753
218.4 41.5577
231.968 41.3318
242.6 39.6833
253.96 42.0159
263.871 46.7181
269.562 55.2892
226.222 57.2033
226.431 66.0591
226.615 74.6379
226.759 83.5288
216.359 93.704
221.594 95.1055
226.884 96.1576
232.298 94.9482
237.531 93.2209
192.085 64.0348
198.13 58.9558
205.888 58.6673
213.043 63.8839
206.032 66.3211
198.09 66.9498
238.955 62.888
246.07 57.4662
253.685 57.5801
259.531 62.3782
254.009 65.1442
246.235 64.9762
210.496 114.031
216.149 108.657
222.263 105.816
227.219 107.4
232.55 105.59
239.407 108.186
245.842 113.423
239.693 116.507
233.042 118.013
227.427 118.509
222.189 118.143
216.082 116.648
213.676 113.157
222.445 110.736
227.443 111.243
232.879 110.553
242.367 112.59
232.751 111.445
227.334 112.165
222.293 111.573
