174.101 70.3907
176.448 82.9833
179.566 94.2126
182.564 106.125
185.81 118.379
192.327 129.177
201.677 137.749
213.393 143.321
227.55 144.406
241.302 142.129
252.374 135.747
261.835 127.132
268.653 116.564
271.735 104.449
273.707 92.2827
275.739 80.3662
277.385 67.1098
180.665 57.9962
185.581 47.8727
195.722 42.8414
207.263 40.6172
218.729 41.5738
232.043 41.5507
242.697 39.5947
254.26 41.9759
264.141 47.1188
269.535 56.1348
226.383 57.3417
226.669 66.2386
226.894 74.7252
227.175 83.6093
216.327 93.7099
221.706 95.1747
227.172 96.408
232.523 95.1025
237.76 93.3375
192.254 64.2632
198.217 59.0071
205.982 58.8256
213.161 64.0631
206.055 66.3418
198.149 66.9605
239.136 63.247
246.171 57.864
253.886 57.9108
259.7 62.8474
254.147 65.5022
246.383 65.258
208.818 113.977
215.393 108.801
221.945 106.287
227.436 107.824
232.861 105.955
239.564 108.068
246.407 113.178
239.672 116.26
233.192 117.519
227.427 118.149
221.772 117.794
215.199 116.49
212.087 113.19
222.078 110.843
227.638 111.394
233.16 110.576
242.889 112.243
232.885 111.416
227.361 112.269
221.803 111.609
