163.736 76.9851
167.843 89.347
172.412 100.759
177.271 112.169
182.531 123.749
190.042 133.766
200.324 141.474
212.703 146.056
226.616 145.825
239.828 142.143
250.611 134.097
259.415 124.488
265.938 112.902
267.761 99.7419
267.577 86.5595
267.509 73.8223
267.047 59.9087
167.078 64.7668
169.685 53.6711
178.488 45.8823
189.804 42.5436
201.566 42.985
218.576 39.8424
228.842 35.901
240.108 35.6091
250.643 39.7806
256.59 48.7501
212.2 59.137
213.463 68.1828
214.7 76.9208
216.013 85.9463
207.093 97.3223
212.485 98.0545
217.95 98.4155
223.423 96.3171
228.834 94.1217
180.455 71.1268
185.457 65.9181
193.029 64.6395
200.471 68.4874
193.791 71.7552
186.112 73.0397
227.049 63.2276
233.261 57.2519
241.096 56.119
247.526 59.6713
242.418 63.5733
234.382 64.4188
202.355 117.08
208.65 112.059
214.561 108.897
219.634 109.716
224.499 107.301
231.798 108.222
240.152 111.432
233.864 116.198
227.295 118.881
222.054 120.26
216.714 120.543
210.13 120.165
205.161 116.158
215.576 113.721
220.647 113.499
225.761 112.03
236.438 111.529
225.836 112.762
220.702 114.346
215.614 114.409
