173.552 70.004
175.428 82.2708
178.361 94.0382
181.498 106.185
184.922 118.402
191.247 129.54
200.089 138.439
211.75 144.24
225.454 145.753
239.422 143.806
250.849 137.55
260.615 129.176
267.884 118.602
271.626 106.459
274.077 93.7377
276.268 81.4399
277.946 68.1644
179.917 54.943
184.385 45.1541
193.852 39.5071
205.038 38.0877
215.797 40.7405
235.59 39.8976
245.442 36.4268
256.245 37.1711
265.547 42.4945
269.62 52.3255
225.912 57.3097
226.062 66.4791
226.161 75.3462
226.221 84.4055
215.339 94.8169
220.604 96.2423
225.998 97.4288
231.483 96.1752
236.753 94.4107
191.737 65.1769
197.663 60.1577
205.095 59.9729
212.318 64.7167
205.43 67.0996
197.646 67.7046
239.049 63.7503
246.261 58.707
253.698 58.6124
259.364 63.2413
253.959 65.9394
246.341 65.7924
206.546 113.802
213.849 109.322
220.361 107.308
225.423 108.884
230.979 107.137
237.876 109.041
245.292 113.249
237.894 116.727
231.136 118.127
225.29 118.738
220.027 118.429
213.548 117.228
209.81 113.558
220.341 111.807
225.547 112.516
231.225 111.702
241.818 113.023
230.957 112.222
225.252 113.233
220.128 112.693
