186.054 64.5069
186.107 77.8676
186.382 90.7316
187.008 103.859
189.3 116.965
196.087 128.135
205.38 137.767
217.204 145.783
231.661 149.287
246.454 148.047
258.159 141.137
267.615 132.189
274.93 122.2
279.438 111.119
282.507 99.4514
285.175 88.0582
287.74 75.5165
193.97 57.3478
201.137 48.2104
212.63 44.3227
224.884 44.4715
236.312 49.0837
254.206 50.4855
264.094 47.9773
274.339 49.1879
283.071 54.9442
285.357 65.8969
244.274 64.3317
243.622 74.7083
242.94 84.8244
242.097 95.1495
226.927 98.5959
233.253 101.197
239.723 104.122
245.84 103.298
251.863 101.868
206.929 64.0306
213.788 60.2672
221.365 61.397
227.973 67.7619
220.446 67.885
212.719 66.9277
254.954 71.0784
262.379 66.0823
269.647 66.483
274.82 71.9188
269.343 73.5051
261.831 72.9686
211.813 109.296
222.455 109.271
232.015 109.892
238.012 112.24
244.191 111.26
251.846 112.86
260.192 114.459
250.233 119.658
242.185 121.278
235.71 121.271
229.326 119.954
220.421 115.935
215.322 110.252
231.382 113.572
237.629 115.154
243.8 114.821
256.554 114.979
242.904 115.506
236.683 115.889
230.369 114.433
