174.442 74.8123
177.486 88.8827
180.89 101.974
183.977 114.955
187.827 127.506
194.533 138.875
203.798 147.684
215.8 153.156
229.627 154.384
243.533 152.28
255.547 145.714
265.118 136.555
271.633 124.973
274.632 112.131
276.082 98.7382
277.523 85.555
279.203 71.4903
179.932 62.3692
184.929 52.4559
194.978 47.1488
206.921 46.2386
218.019 49.1872
236.905 47.1744
246.775 42.8908
257.717 42.5676
267.781 47.637
272.202 57.6369
227.839 65.0896
228.022 75.3185
228.171 85.2292
228.39 95.2616
216.957 103.855
222.435 105.836
228.068 107.399
233.59 105.838
238.663 103.76
193.015 72.1042
199.25 68.3263
206.622 68.1662
213.786 71.8272
206.723 73.9341
199.192 74.4024
240.828 70.5362
248.154 66.3634
255.359 66.24
261.464 69.763
255.577 72.4096
248.338 72.4442
207.847 121.782
215.827 117.923
222.262 116.179
227.658 117.545
233.547 115.736
240.312 117.257
247.832 120.805
240.667 124.645
234.067 125.912
227.997 126.484
222.397 126.287
215.667 125.487
211.362 121.826
222.37 120.564
227.84 121.08
233.784 120.221
244.255 120.915
233.766 120.326
227.832 121.207
222.409 120.74
