161.191 83.3792
166.342 95.3296
171.735 106.47
177.099 117.348
182.559 128.096
190.376 137.17
200.663 143.961
213.336 147.687
227.154 146.928
239.958 142.663
250.677 134.447
258.807 124.422
264.435 112.636
265.372 99.1567
264.403 85.8637
263.584 72.9478
262.476 59.2513
163.185 66.0673
165.074 54.8106
172.734 47.9229
182.633 44.305
193.085 44.3705
212.611 39.8345
222.154 35.0635
232.962 34.4672
243.299 38.2924
250.339 46.3068
206.638 60.6614
208.55 69.786
210.384 78.6359
212.315 87.7815
205.17 99.2479
210.148 99.4928
215.332 99.5512
220.303 97.1318
225.032 94.9398
176.257 74.4672
180.321 69.0835
187.431 67.308
195.221 70.5379
188.86 74.1778
181.64 75.985
222.003 63.6156
227.279 57.56
234.487 56.1209
241.165 59.0754
236.538 62.801
229.072 64.1941
201.692 120.224
207.249 114.281
212.641 110.262
217.429 110.794
221.859 107.962
229.522 108.862
237.376 111.666
231.985 116.509
225.559 119.698
220.494 121.42
215.508 122.011
209.27 122.344
204.414 118.893
213.988 115.619
218.733 115.086
223.598 113.393
233.788 111.913
223.465 113.751
218.625 115.453
213.87 116.053
