164.349 75.4672
166.902 86.2613
170.264 96.5743
174.984 106.636
179.885 116.182
186.571 125.097
195.754 131.205
207.081 133.772
220.142 133.537
233.675 130.444
244.381 124.726
253.624 117.106
260.273 107.895
263.608 97.0795
265.289 85.8686
266.087 74.5118
266.485 62.5636
168.412 50.7282
169.975 39.0278
177.549 30.8136
188.356 26.6326
199.302 27.6064
215.087 24.6649
225.127 20.4623
236.772 21.8576
246.857 27.9771
252.444 37.9647
208.404 41.8395
208.913 47.2484
209.336 52.5897
209.837 58.2949
202.994 75.9586
207.545 75.8399
212.319 75.4415
217.293 74.5962
222.297 73.2795
178.647 59.0047
183.406 53.4123
190.319 51.6654
197.942 54.1074
191.844 57.3921
184.754 59.4218
223.302 49.4719
229.961 44.9169
237.287 44.9783
243.8 48.9851
237.755 50.9454
230.225 51.0107
197.723 102.06
202.498 91.4471
208.516 85.6006
213.673 86.393
218.953 84.1315
226.871 87.876
234.07 96.9518
228.545 102.396
221.474 105.141
215.785 106.356
210.374 106.684
203.871 105.669
201.293 100.571
209.543 92.0816
214.527 91.5154
219.921 90.7451
230.067 96.2988
220.162 98.4276
214.676 99.5484
209.549 99.7459
