185.82 64.5368
186.053 78.3982
186.189 91.483
186.745 104.848
189.04 118.044
195.854 129.33
205.672 138.931
217.917 146.436
231.852 149.915
246.269 148.756
257.993 141.92
267.639 132.949
274.992 122.846
279.432 111.545
282.42 99.7846
285.125 88.1597
287.648 75.2224
193.813 57.4775
200.816 48.0769
212.283 43.9693
224.624 44.0452
235.923 48.7379
254.501 50.2341
264.346 47.5879
274.689 48.8021
283.369 54.7166
285.46 65.8145
244.065 64.2634
243.411 74.5975
242.748 84.5644
241.969 94.8375
226.772 98.5132
232.996 101.246
239.527 104.168
245.785 103.089
251.829 101.518
207.117 64.4708
213.876 60.7085
221.384 61.6464
228.048 67.7399
220.594 68.1516
212.967 67.4129
254.463 70.9905
262.031 66.1784
269.378 66.5777
274.603 71.9867
269.052 73.4891
261.532 72.9246
212.158 109.683
222.454 109.336
231.637 109.882
237.648 112.139
243.903 111.302
251.421 112.802
259.687 114.553
249.903 120.028
242.151 121.71
235.669 121.72
229.205 120.339
220.568 116.328
215.737 110.678
230.992 113.712
237.256 115.275
243.504 115.02
256.008 115.209
242.797 115.859
236.544 116.134
230.213 114.713
