173.661 66.9791
174.48 79.8874
176.34 92.1407
178.622 104.546
182.175 117.11
189.419 127.927
199.168 136.674
211.288 142.937
225.315 144.818
239.975 142.563
252.003 136.124
262.399 128.049
270.89 117.923
275.123 105.915
277.177 92.8493
278.371 80.6709
279.206 67.3866
178.713 58.1187
184.042 48.1093
194.503 42.0714
206.541 40.1163
217.679 43.3466
234.853 42.4625
245.556 39.1413
257.073 40.2617
267.256 45.6281
272.061 56.1947
226.837 57.8123
226.911 67.2181
226.922 76.3482
226.975 85.8526
213.573 93.9163
219.942 95.6841
226.354 97.2781
232.825 95.8046
239.191 94.1527
191.286 64.0362
197.738 59.7356
205.15 59.7427
212.454 64.668
205.201 65.7703
197.565 65.9949
239.811 64.2112
247.363 58.9034
254.792 58.9086
261.131 63.4036
254.996 65.2799
247.294 65.3761
201.308 107.623
211.342 106.198
219.579 105.27
225.471 106.881
231.742 105.143
239.963 106.175
250.075 107.593
239.596 111.946
231.625 113.358
225.002 113.923
218.839 113.352
210.863 111.674
204.933 108.095
219.299 109.644
225.431 110.332
231.817 109.464
246.206 108.091
231.67 108.106
225.25 108.919
219.155 108.166
