173.802 68.8585
174.82 81.7251
176.585 93.7822
179.104 105.968
182.775 118.392
189.87 129.142
199.438 138.38
211.74 144.737
226.46 146.596
241.169 144.316
253.467 137.703
263.509 129.019
271.176 118.374
274.605 105.998
276.047 93.2574
276.975 81.1718
277.603 68.0621
178.882 59.5062
184.264 49.5661
194.667 43.655
206.764 41.3706
218.045 44.213
235.567 43.546
246.187 40.4582
257.74 41.7242
268.083 47.2243
272.572 57.8681
227.106 58.4354
227.088 68.4506
226.993 78.1473
226.879 88.1893
213.007 94.3679
219.713 96.4648
226.518 98.5477
233.327 96.6885
240.053 94.7637
190.881 64.3841
197.428 60.1509
204.668 60.1934
212.243 64.8952
204.812 65.5783
197.347 65.7331
240.572 64.5743
248.224 59.4712
255.538 59.3395
262.018 63.8331
255.665 65.3379
248.063 65.3659
200.122 107.498
210.246 105.571
219.069 104.966
225.846 106.691
232.705 105.04
241.596 105.861
252.096 107.582
241.417 112.084
232.697 113.836
225.466 114.372
218.428 113.75
209.786 111.627
203.893 107.951
218.757 109.183
225.767 109.994
232.75 109.242
248.367 108.144
232.693 108.666
225.705 109.442
218.687 108.611
