172.99 70.3994
175.154 83.0708
178.046 94.8256
181.095 106.877
184.509 119.066
190.667 130.177
199.623 139.15
211.068 145.183
224.744 146.712
238.761 144.413
250.092 137.869
259.703 129.437
266.814 118.829
270.212 106.596
272.223 93.8035
274.619 81.4916
276.795 68.0101
178.496 58.4254
183.686 49.0189
193.727 43.5425
205.534 41.9307
216.751 44.2597
233.636 43.4933
243.8 40.1857
254.97 40.7016
265.171 45.2851
270.042 54.9778
225.381 59.4873
225.514 68.333
225.627 76.8991
225.733 85.6758
214.935 95.6544
220.095 97.2853
225.392 98.5165
230.853 97.3542
236.201 95.5678
191.011 66.4727
197.262 61.3032
204.999 60.9673
212.214 66.0988
205.113 68.5609
197.198 69.1933
238.255 64.962
245.544 59.3999
253.275 59.1679
259.198 63.9219
253.602 67.0469
245.717 67.0334
206.785 115.099
213.502 110.445
220.09 108.233
225.051 109.879
230.292 108.066
237.046 110.154
244.313 114.614
237.349 118.576
230.602 120.239
224.991 120.895
219.854 120.639
213.201 119.11
210.021 114.549
220.198 113.006
225.252 113.583
230.628 112.78
240.869 114.203
230.4 113.697
225.009 114.677
220.025 114.026
