174.381 69.4658
176.379 82.2186
179.36 94.4574
182.437 106.754
186 118.841
192.45 129.967
201.582 138.594
213.575 144.424
227.321 145.81
241.149 143.632
252.243 137.27
261.593 128.948
268.299 118.168
271.591 106.027
273.833 93.408
276.285 81.2295
278.534 67.735
181.012 56.3797
185.753 46.2663
195.556 40.4495
207.213 38.9381
218.067 41.9566
237.355 40.9465
247.284 37.4716
257.995 38.1874
267.147 43.5059
271.066 53.5994
227.849 57.5055
228.034 66.5957
228.249 75.3994
228.395 84.4632
216.626 94.6068
222.111 96.1135
227.781 97.157
233.359 96.0842
238.67 94.429
193.24 65.5967
199.324 60.732
206.676 60.4952
213.832 65.0691
207.024 67.4895
199.356 68.1013
240.569 64.1993
247.854 59.301
255.186 59.3468
260.921 63.7988
255.423 66.5281
247.844 66.33
207.533 113.819
215.377 109.148
222.064 107.148
227.084 108.583
232.549 106.965
239.349 108.99
247.017 113.359
239.566 116.625
232.883 117.649
227.139 118.158
221.961 117.971
215.163 116.905
210.878 113.443
222.044 111.45
227.188 111.973
232.796 111.199
243.444 113.015
232.711 111.996
227.071 112.88
221.993 112.281
