174.298 68.8531
176.722 81.4133
180.105 93.1868
183.302 105.37
186.466 117.984
192.585 128.975
201.542 138.061
213.438 143.669
227.345 144.865
241.076 142.338
252.051 135.712
261.592 126.602
268.554 115.786
272.07 103.404
274.207 90.7571
276.494 78.5819
278.03 65.1417
179.678 57.2199
184.614 47.2705
194.784 42.4324
206.702 40.0941
218.342 41.216
232.018 40.8183
242.984 39.1013
254.272 41.3648
264.113 45.7368
269.644 54.4418
226.236 57.0469
226.534 66.1515
226.753 74.9333
227.007 84.0382
215.812 93.4025
221.346 95.1212
227.033 96.4467
232.692 94.9758
238.108 92.9064
191.603 63.6411
197.634 58.1881
205.654 58.0034
212.845 63.5828
205.818 65.9756
197.601 66.6287
239.205 62.7198
246.321 56.808
254.323 56.7979
260.239 61.9118
254.773 64.8478
246.704 64.7928
209.64 114.336
216.216 109.199
222.3 106.719
227.302 108.342
232.501 106.473
239.115 108.734
245.854 113.826
239.184 116.641
232.791 117.99
227.372 118.594
222.124 118.265
215.923 117.146
212.907 113.556
222.48 111.354
227.53 111.89
232.851 111.062
242.418 113.057
232.54 112.104
227.248 113.06
222.211 112.386
