173.687 71.8328
175.752 84.6869
178.435 96.7239
181.385 109.133
184.951 121.261
191.176 132.455
200.187 141.414
211.762 147.394
225.375 149.193
239.418 147.312
251 141.186
260.59 132.646
267.595 121.861
271.316 109.603
273.349 96.4875
275.265 83.7695
277.285 70.0041
179.077 58.8487
183.991 49.1511
194.153 43.8053
205.924 42.0989
217.079 44.4933
234.155 43.5165
244.668 41.0136
255.996 42.1461
265.953 47.2429
270.298 57.379
225.884 59.9241
226.038 69.4311
226.101 78.7002
226.2 88.1386
215.002 98.0164
220.328 99.5518
225.942 100.728
231.571 99.5239
237.02 97.6636
191.529 66.8296
197.631 61.527
205.392 61.2968
212.799 66.776
205.51 69.0216
197.501 69.6129
238.701 65.8852
246.075 60.2731
253.877 60.223
259.565 65.2636
253.964 68.1542
246.098 67.8734
206.82 116.638
214.119 111.954
220.707 110.011
225.883 111.505
231.439 109.782
238.2 111.643
245.182 116.207
238.403 120.118
231.62 121.577
225.834 122.168
220.541 121.923
213.748 120.647
209.814 116.177
220.74 114.528
225.985 115.008
231.637 114.148
241.924 115.77
231.53 115.365
225.897 116.292
220.709 115.753
