166.919 73.5429
168.62 85.8654
172.974 98.4822
178.738 109.991
185.096 121.314
192.865 131.936
201.11 141.607
210.935 148.093
223.111 149.561
235.233 145.595
245.018 137.805
252.97 127.177
259.666 115.998
264.749 103.901
267.95 90.7222
269.522 77.8536
269.327 65.191
172.614 44.9414
174.872 33.4797
182.947 25.1693
193.416 22.2771
202.9 24.9891
221.991 22.6216
231.526 18.1597
242.275 18.5831
251.629 24.9844
256.541 35.4079
213.645 39.802
214.142 44.7887
214.549 49.48
215.066 54.67
208.929 74.7049
212.94 74.006
216.746 73.2628
220.453 72.9149
224.26 72.7496
182.028 55.1801
187.672 49.5052
194.983 48.1984
202.565 51.6793
195.892 54.1946
188.342 55.6918
226.955 48.4955
233.531 43.3633
241.172 43.5061
247.612 48.0471
241.679 49.8444
233.873 49.858
201.42 105.261
204.558 90.3099
212.436 82.1123
217.646 82.8563
222.505 81.2486
231.946 87.5846
237.087 102.153
233.488 115.893
225.213 123.271
219.618 124.353
213.702 124.244
205.79 118.033
204.522 104.518
213.198 90.1187
218.209 89.366
223.071 88.9679
234.023 101.264
223.945 114.931
218.76 116.374
213.365 115.807
