166.086 74.8043
167.891 86.6143
171.555 98.1648
176.809 109.291
183.137 119.473
190.336 129.029
198.733 137.188
208.463 142.39
220.58 143.62
232.631 140.131
242.548 133.543
251.043 124.358
258.347 114.482
263.372 103.496
266.282 90.8813
267.338 78.0606
267.63 65.3084
171.253 44.1182
173.434 33.0308
181.32 24.9452
191.68 21.6424
201.217 23.8562
218.35 21.0064
227.714 16.3204
238.901 17.7277
248.578 24.2798
253.332 34.4485
210.495 38.5776
210.843 43.1466
210.971 47.5126
211.079 52.3025
205.049 72.6067
209.229 71.7283
213.508 70.9044
217.865 70.4013
222.349 69.9641
180.631 55.2211
185.575 49.1938
192.664 47.5414
200.143 50.7765
193.92 54.0039
186.725 55.6516
224.528 47.1125
230.991 42.0544
238.561 42.0768
245.179 46.7323
239.038 48.5108
231.319 48.5723
199.575 104.407
202.266 89.5437
209.432 80.9846
214.462 81.3625
219.117 79.7215
228.265 85.9495
233.768 100.038
230.207 112.574
222.638 118.561
217.216 119.762
211.74 119.966
203.871 115.018
202.382 102.872
210.422 89.5773
215.162 88.4446
219.847 88.1243
230.684 99.1441
221.125 109.475
216.151 110.644
211.057 110.618
