173.399 70.9404
175.722 83.8288
178.922 95.9684
182.125 108.342
185.59 120.729
192.127 132.148
201.39 141.164
213.217 146.954
227.007 147.989
241.125 145.827
252.567 139.19
262.31 130.466
269.62 119.713
273.206 107.461
275.341 94.2415
277.425 81.5176
279.25 67.8738
179.064 58.2423
183.999 49.0904
193.728 43.8031
205.149 42.1237
216.147 43.9651
234.622 43.2889
244.697 40.7277
255.62 41.734
265.26 46.4754
270.32 55.5176
225.688 59.6133
225.814 69.094
225.893 78.3292
226.026 87.7069
215.782 97.6674
220.781 99.0407
226.104 100.14
231.409 98.824
236.724 96.9731
191.198 66.4277
197.202 61.1658
204.969 61.0369
212.13 66.4353
204.932 68.7383
197.043 69.2561
239.105 65.1528
245.971 59.4589
253.692 59.2436
259.724 64.0982
254.07 67.0187
246.307 67.0395
209.561 118.389
215.136 112.461
220.994 109.696
226.442 111.141
231.872 109.21
238.44 111.295
244.896 116.055
238.931 119.893
232.752 121.699
227.019 122.585
221.52 122.414
215.509 121.306
212.362 117.8
221.164 114.887
226.646 115.229
232.192 114.319
241.758 115.89
232.363 114.738
226.808 115.939
221.451 115.51
