174.068 68.5667
176.18 83.624
179.471 98.3415
183.383 112.916
188.832 127.095
195.919 140.488
204.285 152.896
214.488 161.478
227.826 164.001
240.758 160.67
250.693 151.069
258.998 138.658
265.972 125.56
270.876 111.328
273.809 96.4671
275.878 81.639
277.478 66.275
180.025 57.5157
185.244 47.7119
195.374 42.3322
207.268 40.4834
218.019 43.4273
233.541 42.5029
243.627 38.7285
254.882 39.2485
264.933 43.5027
270.407 52.2894
226.146 54.6828
226.399 62.5354
226.548 70.3928
226.706 78.8531
215.771 88.5981
221.051 90.6354
226.789 92.4169
232.729 90.4732
237.879 88.039
191.993 62.7128
197.945 58.0485
205.435 57.609
212.634 61.365
205.742 62.9543
198.15 63.6934
240.091 59.845
246.979 55.4785
254.364 55.3867
259.967 59.6346
254.588 60.9537
247.261 60.929
208.219 117.543
212.245 104.992
220.604 100.586
226.88 101.998
233.385 100.183
242.147 104.062
245.992 115.985
242.267 130.051
234.132 136.911
227.213 138.069
220.432 137.569
212.163 131.581
210.346 116.664
220.86 105.484
227.174 105.447
233.62 104.817
243.288 115.324
233.625 129.531
226.945 130.985
220.483 130.172
