173.6 69.0651
175.95 84.2076
179.221 99.4145
183.26 114.176
189.053 128.12
196.144 141.174
204.405 152.884
214.531 160.63
227.975 162.843
241.573 159.758
252.068 150.818
261.486 139.187
269.272 126.799
274.456 112.636
276.876 97.6324
278.176 82.9818
279.494 67.7133
179.378 57.392
184.473 48.5149
194.318 43.4868
206.053 42.0977
216.88 44.531
233.547 43.2159
243.524 39.372
254.639 39.9354
265.073 44.0419
270.797 52.7347
225.589 55.3975
225.765 63.2892
225.873 71.136
225.949 79.4188
215.484 89.4609
220.915 91.3044
226.546 92.9524
232.327 91.2039
237.664 88.9577
191.12 63.2934
197.15 58.8605
204.363 58.4659
211.812 62.0077
204.69 63.5103
197.317 64.1406
240.076 60.4652
247.015 56.3401
254.3 56.2029
260.437 60.1821
254.529 61.627
247.174 61.5704
207.718 118.421
212.466 106.444
220.789 101.391
226.809 102.742
232.842 101.129
241.189 105.366
245.875 116.666
241.22 129.03
233.367 134.939
226.899 135.921
220.449 135.549
212.424 130.498
209.991 117.144
221.09 106.623
227.051 106.572
233.022 106.221
242.923 115.886
232.881 127.148
226.659 128.396
220.567 127.877
