170.204 70.7571
172.213 82.8979
175.586 94.4494
179.213 106.145
182.862 118.195
188.921 129.309
197.542 137.981
208.867 143.791
222.597 145.23
236.694 142.596
247.576 135.84
257.131 126.882
264.243 115.786
267.834 103.323
269.953 90.7513
271.564 78.3443
272.521 65.428
175.009 52.6582
178.459 42.1631
187.515 35.1557
198.958 32.8557
209.969 35.2293
227.69 33.7497
237.549 29.8757
248.534 30.4072
258 35.6988
262.234 45.6543
219.554 51.0107
219.92 58.8839
220.31 66.7408
220.582 74.8625
210.793 88.2826
215.854 89.0984
220.967 89.6299
226.502 88.7798
231.734 87.358
186.879 63.0037
192.479 59.3349
199.186 58.3791
206.467 60.7003
200 63.293
192.965 64.4803
233.319 58.6584
240.105 55.4281
247.087 55.3361
253.008 58.428
247.375 60.7053
240.165 60.6745
202.662 110.622
209.203 103.554
215.974 99.8887
220.994 101.286
226.522 99.3678
233.545 102.491
240.321 108.914
233.985 114.186
227.212 116.435
221.294 117.268
215.972 117.042
209.166 115.1
206.348 109.755
216.138 105.598
221.243 105.8
226.883 105.183
236.59 108.398
226.771 109.338
220.992 110.197
215.915 109.904
