173.54 71.3052
176.064 84.6803
179.294 96.966
182.263 109.535
185.585 121.833
191.853 132.841
200.867 141.38
212.594 147.047
226.277 148.776
240.376 146.86
252.154 140.98
261.764 132.485
268.557 121.781
271.853 109.536
273.554 96.2324
275.355 83.3456
277.448 69.3769
178.821 58.9238
183.97 49.5206
193.929 44.1935
205.756 42.1454
216.96 44.624
234.353 43.4344
244.979 40.949
256.432 42.4555
266.2 47.4536
270.587 57.205
225.962 59.8133
226.111 69.2082
226.192 78.4723
226.256 87.8974
215.12 97.744
220.394 99.2968
226.056 100.544
231.671 99.2622
236.992 97.338
191.468 67.5783
197.701 63.2391
205.127 62.9639
212.621 67.2203
205.409 69.1948
197.75 69.8755
239.018 66.2492
246.492 61.7978
253.927 61.7884
259.951 65.8105
254.02 68.3131
246.439 68.0811
205.995 116.646
213.396 111.932
219.967 110.026
225.387 111.661
231.121 109.86
237.699 111.771
245.083 116.238
238.03 120.021
231.435 121.228
225.534 121.853
219.954 121.433
213.09 120.387
209.181 116.256
220.017 114.571
225.569 115.187
231.4 114.405
241.601 115.898
231.283 114.825
225.475 115.674
220.015 115.071
