175.487 70.0895
178.565 82.8889
182.259 94.6301
185.175 106.803
188.201 119.537
194.507 130.198
204.162 138.353
215.953 143.245
229.308 144.078
242.888 142.259
254.139 136.911
263.573 128.793
269.923 118.204
273.208 106.188
275.872 93.5737
278.298 80.8731
280.077 66.9324
180.881 57.261
185.711 47.5661
195.582 42.2972
207.183 40.2213
218.471 41.6507
232.632 41.1733
243.44 39.5085
254.823 41.8427
264.577 46.9332
269.987 55.6356
226.794 57.4534
227.193 66.452
227.521 75.1972
227.828 84.1056
217.882 94.4458
222.804 95.8883
227.992 96.8104
233.138 95.6598
238.036 93.8707
192.572 64.1773
198.413 58.7385
206.352 58.477
213.989 64.0429
206.717 66.2483
198.612 67.011
239.41 63.1645
246.279 57.4061
254.055 57.5406
260.309 62.5802
254.502 65.2121
246.62 65.1591
214.411 117.454
218.826 109.808
223.671 106.646
228.372 108.013
233.505 106.316
239.382 108.942
245.024 115.686
239.888 117.019
234.403 117.851
229.072 118.602
224.259 118.328
219.194 117.931
217.518 116.108
223.924 111.659
228.632 111.937
233.908 111.252
241.498 114.494
233.992 111.438
228.814 112.152
224.105 111.754
