173.051 71.7602
175.143 83.9404
178.205 95.5231
181.556 107.449
185.18 119.863
191.737 131.008
200.887 139.843
212.607 145.617
225.901 146.987
239.71 144.938
251.211 138.983
261.263 131.032
268.547 120.689
272.286 108.489
274.266 95.7405
275.875 83.4235
277.759 69.9824
179.275 57.5073
184.14 48.3345
193.805 42.8913
205.323 41.1374
216.298 43.2271
234.95 42.2739
244.957 39.1197
255.783 39.7628
265.478 44.5151
269.966 54.0367
225.843 58.8472
225.929 67.813
225.993 76.5124
226.034 85.4686
215.155 95.6765
220.436 97.2542
225.989 98.5703
231.411 97.337
236.654 95.5611
191.624 66.4991
197.689 61.5614
205.115 61.2193
211.979 65.9572
205.229 68.3575
197.665 69.0168
239.286 65.026
246.343 59.7938
253.77 59.6393
259.494 64.1428
254.027 66.8706
246.49 66.8664
207.018 114.938
213.725 110.2
220.158 108.214
225.368 109.892
230.868 108.126
237.662 110.046
245.35 114.487
237.995 118.106
231.13 119.232
225.346 119.764
219.962 119.392
213.379 117.952
210.041 114.501
220.205 112.71
225.495 113.396
231.166 112.528
241.884 114.289
230.989 113.529
225.299 114.392
220.071 113.696
