173.308 70.6593
176.136 85.9721
179.855 101.027
183.806 115.499
189.413 129.575
196.504 142.453
204.85 153.854
215.042 161.992
228.693 164.478
242.216 161.238
252.823 151.812
262.167 139.925
270.11 127.152
275.033 112.557
277.425 97.2674
278.917 82.4837
280.464 66.9124
179.106 58.1469
184.452 49.1208
194.388 44.2531
206.042 42.4201
217.442 44.2076
233.675 42.9482
243.773 39.5324
254.781 40.2666
264.809 44.4957
270.581 53.1248
225.439 55.1984
225.715 62.824
225.932 70.5367
226.117 78.6652
216.138 88.7153
221.309 90.4927
226.808 92.1223
232.494 90.1395
237.734 87.9793
191.463 63.2746
197.359 58.716
204.73 58.215
211.853 61.7066
204.881 63.4088
197.608 64.0017
240.087 60.2475
246.546 56.128
253.988 56.0231
260.236 60.0903
254.311 61.4098
246.984 61.3841
207.154 117.703
211.451 104.612
220.086 99.8989
226.997 101.093
233.685 99.4755
242.141 103.196
245.985 115.946
242.324 128.527
234.74 135.082
227.546 136.291
220.402 135.791
211.793 130.365
209.355 116.593
220.528 104.763
227.301 104.488
234.052 103.994
243.284 115.154
234.181 128.303
227.15 129.774
220.23 129.137
