177.014 68.0517
178.804 81.114
181.614 93.3758
184.333 105.677
187.217 118.149
193.374 129.65
202.516 138.718
214.62 144.965
228.886 147.23
243.079 145.215
254.426 139.004
263.726 130.482
270.574 119.709
273.919 107.536
276.084 94.7007
278.532 82.5046
281.045 69.004
183.826 56.0793
189.124 46.4626
199.375 41.4721
211.252 40.5543
222.269 44.0703
241.695 43.27
251.551 39.653
262.275 40.3414
271.512 45.6635
275.079 55.7844
231.707 58.774
231.746 68.2419
231.834 77.5125
231.91 87.0727
219.647 95.8296
225.25 97.7872
231.174 99.3237
236.993 97.99
242.324 95.9817
196.528 66.471
203.082 62.9452
210.158 62.7637
217.412 66.1554
210.445 68.3436
203.027 68.7927
243.98 65.9504
251.348 62.6139
258.267 62.7436
264.084 66.1336
258.365 68.399
251.174 68.1066
210.478 114.247
218.408 110.425
224.955 108.78
230.128 110.508
235.742 108.887
242.055 110.713
249.285 114.64
242.148 117.983
235.828 118.832
229.972 119.337
224.602 118.824
217.909 117.332
213.979 114.13
224.79 112.761
230.109 113.637
235.886 112.855
245.874 114.403
235.843 113.297
230.045 114.109
224.771 113.156
