173.704 69.0613
174.827 81.8048
176.585 93.6388
178.953 105.526
182.459 117.682
189.392 128.631
198.855 137.9
211.182 144.152
225.663 146.051
240.034 144.161
252.364 138.069
262.749 129.573
270.755 118.898
274.557 106.756
276.362 93.9768
277.49 81.7425
278.253 68.5904
178.817 59.8255
183.901 49.5641
194.421 43.4626
206.542 41.0982
217.951 43.991
235.449 43.3741
246.462 40.481
258.096 41.8612
268.35 47.6541
272.681 58.4005
226.898 58.2879
226.883 68.2457
226.818 77.8474
226.721 87.88
212.569 94.2681
219.261 96.2936
226.059 98.3136
233.177 96.5015
240.074 94.5183
190.962 64.3522
197.404 60.2568
204.539 60.3113
212.195 64.9665
204.738 65.7548
197.356 65.8828
240.289 64.6656
247.97 59.5884
255.266 59.4862
261.738 63.8705
255.491 65.5491
247.919 65.5533
200.058 107.338
210.098 105.525
218.868 105.046
225.554 106.847
232.371 105.199
241.429 105.927
251.915 107.449
241.233 111.815
232.39 113.484
225.21 114.04
218.32 113.442
209.773 111.595
203.609 107.728
218.63 109.092
225.493 109.993
232.512 109.121
248.226 107.9
232.437 108.629
225.43 109.364
218.527 108.601
