168.14 75.8293
170.275 87.8918
174.323 100.333
179.594 112.568
186.076 123.571
193.591 134.155
202.184 142.926
211.848 147.681
224.118 148.673
236.389 145.201
245.708 138.392
254.31 127.857
261.14 116.609
266.238 104.327
269.095 90.5713
269.529 77.3568
268.98 64.6488
173.763 44.9185
175.376 33.2351
182.998 24.6906
193.201 21.1806
203.109 23.1573
220.521 20.8686
230.04 16.1664
240.89 17.4951
250.112 23.9875
254.87 34.1277
213.065 37.9619
213.667 42.5624
214.07 46.9057
214.488 51.8854
207.745 71.4799
212.036 71.2223
216.387 70.7148
220.903 70.277
225.427 69.7316
183.615 54.2405
188.326 48.4053
195.015 46.771
202.294 49.6186
196.203 52.6678
189.446 54.2505
226.922 46.3925
233.289 42.0842
240.491 42.1767
246.745 46.8125
240.809 48.3134
233.528 48.1331
201.372 105.626
204.587 89.4712
212.23 81.5951
217.566 82.2736
222.604 80.7821
231.518 86.8364
236.46 102.142
232.983 113.577
225.392 119.819
219.685 120.763
213.989 120.683
206.134 115.369
203.991 104.102
213.109 89.5519
218.151 88.826
223.198 88.5742
233.45 101.113
224.061 111.969
218.776 112.986
213.522 112.72
