173.775 69.1532
175.001 82.0957
176.878 94.1166
179.41 106.566
183.068 118.886
190.147 129.527
199.574 138.537
212.113 144.867
226.737 146.513
241.365 144.441
253.392 137.817
263.161 129.348
270.638 118.899
274.324 106.835
275.898 93.6385
276.73 81.1829
277.569 67.8017
178.245 59.7894
183.679 49.4836
194.476 43.2312
207.022 40.8724
218.533 43.9071
235.766 43.1429
246.551 39.8962
258.194 41.379
268.43 46.9234
272.98 57.5405
227.157 58.5959
227.341 68.5305
227.373 78.1933
227.49 88.1784
213.186 94.4632
219.918 96.52
226.771 98.5437
233.723 96.728
240.395 94.6614
190.483 64.3835
197.269 60.0843
204.602 60.1657
212.369 64.9932
204.704 65.7173
197.1 65.9157
240.39 64.562
248.188 59.3273
255.64 59.2357
262.075 63.6388
255.742 65.2473
248.067 65.3214
200.554 107.337
211.019 105.573
219.632 105.13
226.289 106.855
233.317 105.125
242.44 105.737
253.151 106.988
242.373 111.75
233.41 113.688
226.066 114.303
219.14 113.736
210.627 111.712
204.313 107.761
219.349 109.412
226.223 110.236
233.369 109.244
249.541 107.592
233.458 108.422
226.269 109.307
219.435 108.502
