182.171 66.6821
182.805 80.1195
184.195 92.5676
186.041 105.255
188.695 118.209
195.15 129.894
204.279 139.449
216.27 146.677
230.409 149.445
244.5 147.582
256.069 141.108
265.276 132.751
272.17 122.868
276.36 111.155
279.399 99.0315
282.294 87.0622
284.932 73.8586
189.706 56.0909
195.922 47.2762
206.521 42.8633
218.463 42.0918
229.059 46.0622
248.377 46.6085
258.261 43.8041
268.77 44.9731
277.733 50.5787
280.64 60.9445
238.002 62.2017
237.616 71.7705
237.199 81.0612
236.641 90.531
223.762 98.6745
229.386 100.757
235.144 102.596
240.755 101.625
246.101 99.8731
201.901 65.3923
208.583 60.7433
216.303 61.2195
223.124 67.2643
215.879 68.5631
207.918 68.4779
249.774 68.5926
257.234 63.3039
264.831 63.4632
270.444 68.5496
264.925 70.9588
257.114 70.7237
212.151 115.558
220.536 112.285
227.974 111.238
233.193 113.126
238.649 111.913
245.12 113.985
252.023 117.943
244.464 121.62
237.97 122.308
232.288 122.311
226.641 121.411
219.298 119.042
215.607 115.407
227.638 115.298
233.063 116.447
238.548 115.93
248.619 117.696
238.272 116.338
232.777 116.786
227.33 115.64
