165.653 77.1079
169.425 88.9489
173.72 100.269
178.111 111.764
182.937 123.197
190.204 133.169
200.098 140.619
212.388 145.273
226.844 145.223
240.718 141.68
251.712 134.255
261.209 125.411
267.898 114.462
270.268 102.061
270.625 89.41
270.669 77.2213
270.626 63.5112
169.766 62.738
172.693 51.7954
181.508 44.4377
192.568 41.558
203.959 41.9947
222.319 39.4114
232.503 35.6802
243.53 35.6521
253.814 39.9133
259.704 48.6339
215.14 58.3147
216.253 67.3849
217.379 76.1816
218.469 85.1855
208.734 96.3983
214.163 97.1981
219.68 97.6777
225.388 95.7608
230.77 93.5426
182.336 70.1658
187.489 64.5272
195.107 63.3002
202.563 67.4171
196.016 70.7675
188.176 72.1334
229.58 62.849
235.955 56.8027
243.816 56.1096
250.293 60.095
244.856 63.4548
236.903 64.1694
202.402 116.613
208.984 111.06
215.241 107.989
220.575 108.934
225.991 106.489
233.572 107.572
241.639 110.894
235.171 115.492
228.273 117.767
222.549 119.09
217.166 119.331
210.333 119.036
205.635 115.752
216.11 112.711
221.39 112.611
227.026 111.248
237.8 111.121
227.113 111.789
221.438 113.322
216.161 113.433
