174.144 68.6057
175.93 81.0458
178.532 92.8826
180.993 104.846
184.109 116.883
190.395 127.984
199.112 136.697
210.463 142.824
224.304 144.616
238.105 143.034
249.111 136.924
258.331 128.567
265.369 118.015
269.071 106.103
271.941 93.8197
274.338 81.9025
276.519 68.8072
180.465 55.3295
185.423 45.3685
195.493 40.04
207.369 38.3158
218.203 41.4133
235.755 40.7998
246.066 37.7141
256.926 38.811
266.168 43.9954
270.097 53.9915
226.801 56.4288
226.808 65.205
226.846 73.6741
226.796 82.4543
215.27 93.0432
220.646 94.5907
226.152 95.8361
231.643 94.7866
236.773 93.144
192.471 63.78
198.746 58.9541
206.27 58.8145
213.279 63.5164
206.409 65.7307
198.621 66.2925
239.175 63.2323
246.667 58.5016
254.174 58.6321
259.704 63.3537
254.228 65.8142
246.555 65.3673
205.801 112.015
213.621 107.589
220.047 105.867
225.231 107.695
230.865 105.986
237.327 108.153
244.573 112.373
237.053 115.865
230.566 116.777
224.689 117.116
219.368 116.676
212.96 115.379
209.335 111.856
219.85 109.999
225.145 110.764
230.855 110.154
241.094 112.138
230.648 110.929
224.911 111.633
219.675 110.88
