179.79 66.0928
181.35 78.9498
183.498 90.9353
186.202 103.108
189.57 115.4
196.256 126.459
205.431 135.125
217.045 141.41
230.589 143.362
244.312 141.297
255.177 135.03
264.528 126.872
271.568 116.58
275.127 104.692
277.859 92.3767
280.382 80.5447
282.467 67.8189
186.837 54.1201
192.132 44.3007
202.401 38.6254
214.401 36.6784
225.464 39.551
242.402 39.6122
252.926 37.0006
263.962 38.6139
273.357 44.1758
277.21 54.3699
234.105 54.9328
234.01 63.8838
233.942 72.5588
233.823 81.5095
221.756 91.3315
227.32 92.9326
232.862 94.2183
238.536 93.1726
243.963 91.7744
198.94 61.4813
205.368 56.5663
212.833 56.613
219.98 61.672
212.904 63.2613
205.092 63.6842
246.235 61.8259
253.983 56.9757
261.393 57.2094
267.023 62.0006
261.306 64.056
253.666 63.6655
211.991 109.171
219.81 104.982
226.46 103.011
231.686 104.716
237.358 103.35
244.036 105.944
251.471 110.197
243.653 113.899
236.846 114.898
231.029 115.221
225.594 114.542
219.076 112.774
215.564 109.015
226.17 107.735
231.539 108.399
237.244 108.051
247.793 110.042
237.023 108.705
231.371 109.225
225.978 108.453
