167.676 73.2992
169.646 85.597
173.808 98.0934
179.061 110.12
185.13 121.387
192.802 132.063
201.578 141.282
211.559 147.551
223.672 149.052
235.815 145.1
245.021 137.129
253.066 126.125
259.561 114.764
264.09 102.535
266.701 89.0569
267.638 75.5986
267.486 62.57
172.534 44.8053
174.277 33.246
182.367 24.9619
193.087 21.8636
203.469 24.1362
220.34 21.6089
230.126 16.8838
241.331 17.9795
251.081 24.1163
255.754 34.458
213.189 39.093
213.703 43.8501
214.078 48.3893
214.461 53.4979
208.417 73.6627
212.463 72.9359
216.345 72.1833
220.67 71.627
224.975 71.1952
182.867 54.5766
187.839 48.8042
195.066 47.182
202.452 50.5983
196.204 53.6945
188.97 55.2976
226.65 47.2708
232.897 42.362
240.585 42.4186
247.007 47.1008
241.023 49.0377
233.328 49.0124
201.83 105.689
204.356 89.9943
212.265 81.7958
217.461 82.4478
222.522 80.8403
231.794 87.2115
236.463 102.174
233.556 116.431
225.609 123.826
219.846 124.981
213.995 124.857
205.913 118.486
204.375 104.573
213.076 89.7916
218.108 89.0165
223.063 88.7083
233.755 101.472
224.341 114.7
219.003 116.028
213.593 115.627
