179.064 66.018
180.408 78.7445
182.806 90.7526
185.493 102.96
188.615 115.587
194.873 127.028
204.357 135.794
216.313 142.088
230.132 143.988
244.013 142.256
255.441 136.256
265.176 128.465
272.419 118.064
276.198 106.094
278.841 93.5096
280.962 81.5001
282.869 68.2999
186.025 54.4304
191.306 44.7735
201.64 39.1303
213.742 37.4981
224.885 40.621
241.557 40.4201
251.921 37.5646
263.114 39.0571
272.619 44.3518
276.691 54.431
233.311 55.5183
233.241 64.5536
233.122 73.3015
232.946 82.2671
221.422 92.2834
226.78 94.016
232.324 95.2937
237.827 94.2624
243.045 92.6178
198.269 62.0698
204.545 56.9182
212.249 56.8968
219.443 62.2903
212.384 64.1589
204.364 64.6876
245.645 62.3358
252.993 56.9463
260.592 57.0199
266.345 62.2606
260.713 64.5636
252.973 64.2477
211.46 110.342
219.367 106.344
226.207 104.589
231.389 106.205
236.999 104.644
243.704 106.707
251.09 110.884
243.419 114.298
236.743 115.296
230.96 115.758
225.6 115.444
218.719 114.015
214.71 110.268
226.014 108.602
231.308 109.322
237.005 108.762
247.53 110.761
236.842 109.527
231.145 110.246
225.891 109.731
