160.137 80.1152
164.778 91.9339
169.975 103.244
175.211 114.374
180.694 125.303
188.549 134.354
199.249 140.703
211.922 144.822
225.83 144.357
239.15 140.038
250.107 132.232
259.151 123.053
265.18 111.691
266.686 98.5291
265.963 85.2685
265.126 72.3113
264.118 58.4013
162.873 63.355
164.714 51.9886
172.811 44.8007
183.154 41.472
193.563 41.8657
211.667 37.2254
221.54 32.7334
232.619 32.4308
242.958 36.3253
249.978 44.3291
205.999 57.4561
207.525 66.3445
208.924 74.8908
210.507 83.7498
203.365 95.6173
208.462 96.188
213.617 96.3651
218.721 94.0917
223.56 91.8828
175.742 71.5526
180.189 65.5811
187.626 63.9991
195.215 67.7191
189.047 71.5599
181.461 73.2335
221.114 61.0696
226.672 54.4237
234.341 53.1041
241.252 56.84
236.016 60.7909
228.19 62.0918
201.087 117.577
205.893 110.75
210.926 106.654
215.619 107.036
220.251 104.5
227.647 105.594
235.674 109.302
230.106 113.303
223.919 115.915
218.844 117.661
213.973 118.303
208.145 119.057
203.928 116.165
212.213 112.275
216.862 111.749
221.787 110.101
232.006 109.496
221.838 110.139
216.907 111.915
212.26 112.408
