173.957 69.541
176.412 82.1736
179.499 93.5386
182.463 105.553
185.561 117.94
191.956 128.846
201.166 137.499
212.943 143.101
226.866 144.358
240.757 142.423
252.404 136.403
262.229 127.935
269.292 117.56
272.718 105.412
274.751 93.0793
276.313 81.2752
277.594 68.0948
179.912 56.4589
185.102 46.8376
195.218 41.8056
206.855 39.7243
218.277 41.1747
232.002 41.1628
242.529 39.2641
253.914 41.7906
263.821 46.6077
269.481 55.3709
226.155 57.5529
226.47 66.2361
226.728 74.6231
226.965 83.2914
215.823 93.4854
221.294 95.0475
227.009 96.2296
232.455 94.8807
237.745 93.0008
191.694 63.399
197.66 58.1491
205.537 58.0766
212.793 63.7895
205.583 65.8898
197.602 66.3269
238.911 63.167
245.875 57.2472
253.559 57.23
259.606 62.2079
254.011 64.8478
246.21 64.804
208.421 113.708
215.336 108.696
221.784 106.214
226.994 107.622
232.472 105.931
238.977 107.946
245.862 113.113
239.325 115.423
233.013 116.349
227.282 116.818
221.845 116.45
215.167 115.747
211.7 112.978
221.898 110.654
227.155 111.107
232.787 110.379
242.317 112.315
232.774 111.089
227.15 111.763
221.856 111.25
