173.187 69.8927
174.149 82.6629
176.081 94.6332
178.616 106.512
181.969 118.769
188.834 129.76
198.282 139.028
210.575 145.716
224.965 147.726
239.679 145.715
252.26 139.125
262.714 130.461
270.856 120.014
274.813 107.932
276.493 94.7021
277.54 82.2656
278.521 68.4413
178.055 60.3559
183.064 50.1383
193.432 44.221
205.372 41.9558
216.658 44.6021
234.638 43.6822
245.321 40.6359
256.872 41.8902
267.081 47.4424
271.614 57.864
226.01 59.0375
226.012 69.0163
225.887 78.6021
225.698 88.4881
212.092 95.0314
218.701 97.0397
225.415 99.0866
232.29 97.3417
239.058 95.4673
190.526 65.2186
196.799 61.0197
203.818 60.9894
211.187 65.5119
203.953 66.3222
196.764 66.5384
239.784 65.1506
247.128 60.0872
254.296 59.8828
260.721 64.1611
254.539 65.7058
247.107 65.821
200.515 108.353
209.961 106.421
218.306 105.889
224.916 107.569
231.528 105.978
240.558 106.759
250.948 108.25
240.328 112.422
231.559 113.909
224.627 114.397
217.758 113.852
209.645 112.022
204.228 108.581
218.109 109.795
224.916 110.59
231.716 109.737
247.284 108.693
231.575 109.376
224.747 110.112
217.908 109.278
