173.38 70.8216
175.645 83.6766
178.843 95.5991
181.823 107.813
185.114 119.909
191.353 131.065
200.436 139.838
211.911 145.409
225.528 146.705
239.4 144.673
250.522 138.69
260.107 130.427
267.001 119.957
270.395 107.794
272.324 94.8518
274.586 82.4814
277.027 68.523
178.889 59.1533
184.056 49.4485
194.172 44.0992
206.048 42.6299
217.317 44.7993
233.469 43.4706
243.907 40.4213
255.237 41.2532
265.301 45.8759
270.329 55.3322
225.692 59.2465
225.789 68.3715
225.876 77.2471
225.939 86.3156
215.062 96.2046
220.31 97.7121
225.715 98.9635
231.143 97.6555
236.456 95.9012
191.277 66.4278
197.573 61.5014
205.223 61.2343
212.434 66.0679
205.428 68.4968
197.579 69.1193
238.382 64.9162
245.741 59.6536
253.276 59.4861
259.092 64.0865
253.655 66.9763
245.896 66.9429
206.707 115.177
213.674 110.533
220.225 108.588
225.367 110.308
231.024 108.452
237.871 110.327
245.06 114.668
238.067 118.25
231.221 119.707
225.292 120.309
219.963 120.041
213.378 118.536
209.871 114.703
220.268 113.068
225.495 113.701
231.286 112.827
241.554 114.297
231.059 113.899
225.259 114.873
220.062 114.284
