175.324 70.3356
177.766 82.9253
180.693 94.2298
183.276 106.299
186.234 118.979
192.429 129.797
201.996 138.013
214.032 143.424
227.918 144.651
241.772 142.572
253.311 136.635
262.948 128.309
269.747 117.942
272.921 105.813
274.741 93.4193
276.463 81.5294
277.95 68.2555
180.906 57.9191
185.637 47.8141
195.62 42.496
207.25 40.4762
218.393 42.1761
233.025 41.327
243.469 39.0927
254.891 41.3285
264.832 46.6625
269.6 56.3954
226.835 57.7128
227.158 66.5715
227.437 75.1909
227.651 84.0043
216.449 93.9935
221.994 95.504
227.679 96.7634
233.117 95.6049
238.403 93.7507
192.548 64.1031
198.334 58.6788
206.15 58.4656
213.424 64.0612
206.343 66.1403
198.407 66.8382
239.407 63.3776
246.587 57.4715
254.257 57.3714
260.254 62.7003
254.684 65.1843
246.858 65.1084
209.444 114.685
215.694 108.824
222.022 106.443
227.679 108.1
233.424 106.475
240.089 108.762
246.86 114.333
240.311 116.07
233.561 116.451
227.542 116.736
221.775 116.075
215.355 115.382
212.774 113.469
222.127 110.908
227.863 111.607
233.703 110.946
243.31 113.254
233.331 111.236
227.485 111.759
221.747 110.985
