164.91 75.3077
167.764 84.8889
171.456 94.3044
175.706 103.896
179.968 113.691
186.553 122.23
196.126 127.607
207.834 129.678
221.12 129.079
234.815 126.422
245.932 121.593
255.827 114.403
262.48 105.063
265.029 93.7564
265.957 82.319
266.222 71.2246
266.243 59.8597
168.519 50.7034
170.387 39.5215
177.782 31.3036
188.222 26.6906
198.975 27.6439
214.322 24.7927
224.421 20.831
236.084 22.616
246.117 28.4746
251.901 38.2809
208.571 42.0832
209.277 47.5441
209.826 52.9145
210.47 58.7007
203.359 76.1835
207.913 76.1174
212.737 75.6801
217.96 74.7472
222.987 73.3866
178.739 59.3181
183.248 53.6547
190.057 51.8055
197.698 54.0537
191.581 57.4494
184.639 59.5287
222.986 49.6806
229.524 45.0445
236.924 45.1154
243.562 49.0388
237.458 51.0051
230.004 51.2324
197.725 100.931
203.155 91.8238
209.205 86.265
213.971 86.8564
218.882 84.5546
226.566 87.7166
234.611 94.9546
228.189 98.8353
221.506 100.942
216.203 102.086
211.326 102.452
204.751 102.261
200.863 99.4274
210.112 92.486
214.806 91.9439
219.895 90.9353
230.646 94.2793
220.303 94.6474
215.133 95.7757
210.477 96.1941
