160.128 79.2615
164.667 90.5649
169.541 101.459
174.399 112.003
179.42 123.012
186.736 132.034
197.226 138.219
209.816 141.265
223.308 140.554
236.321 136.96
247.667 130.611
256.604 122.108
262.473 110.978
263.595 97.8172
263.116 84.886
262.851 72.2027
261.958 58.597
162.7 59.7117
164.473 48.7851
171.98 41.5115
182.094 37.6132
192.179 38.198
211.71 34.4301
221.223 29.8426
232.221 29.9093
242.366 34.1924
248.914 42.4606
205.058 54.0209
206.431 61.7875
207.589 69.3777
208.886 77.2902
202.189 90.8023
206.902 91.0844
211.918 91.1852
216.851 89.3206
221.561 87.3335
175.166 68.7132
179.388 62.9328
186.54 61.2753
194.425 64.6135
188.041 68.2836
180.687 70.1619
220.331 58.6056
226.345 52.576
233.704 51.5259
240.434 55.2665
235.249 58.6814
227.588 59.6977
199.378 113.223
204.069 106.436
209.098 102.017
213.843 102.418
218.007 99.9992
225.645 101.523
234.385 105.767
228.08 109.614
221.751 111.781
217.048 113.221
212.276 113.786
206.505 114.285
201.808 111.771
210.507 107.954
215.125 107.205
219.698 105.932
230.664 105.704
219.872 105.925
215.298 107.312
210.682 107.889
