172.757 78.3538
175.542 92.0986
179.177 105.37
182.939 118.648
187.145 131.83
194.274 143.679
203.721 153.268
216.053 160.218
230.192 161.866
245.085 159.654
258.062 152.332
269.032 142.945
277.013 131.529
281.435 118.73
283.487 105.002
284.685 91.5745
286.278 76.8957
178.469 65.8106
184.226 56.3823
194.834 52.1623
206.475 51.7687
217.668 53.9155
235.311 52.631
246.017 50.3448
257.04 51.4001
267.425 55.8017
273.186 64.5444
227.204 73.2001
227.522 84.7822
227.825 95.8643
228.239 106.911
216.737 114.101
222.485 116.063
228.273 117.532
233.958 115.781
239.276 113.527
191.732 77.1762
197.948 71.8906
206.328 72.4129
213.266 78.7354
205.884 80.9273
197.404 81.0483
240.657 77.9784
247.295 71.403
255.727 70.9134
262.143 75.762
256.623 79.4218
248.255 80.0024
208.636 130.796
216.695 127.462
223.023 126.185
227.961 127.529
233.733 125.701
240.677 126.568
248.746 128.78
241.42 133.706
234.784 135.645
228.888 136.496
223.541 136.288
216.887 135.05
212.114 130.724
223.192 130.376
228.239 130.841
234.139 129.866
245.249 129.247
234.286 130.05
228.442 131.075
223.257 130.665
