172.106 71.4183
174.213 83.9709
177.302 95.7388
180.712 107.707
184.442 119.718
191.25 130.39
200.578 138.681
212.576 143.53
226.441 144.231
240.261 141.813
252.027 135.67
261.951 127.914
268.922 117.536
271.642 105.521
272.959 92.7195
274.222 80.7605
275.371 68.0819
176.851 55.5042
181.156 45.2069
190.633 39.006
201.908 37.2525
212.861 39.6007
231.713 38.2858
242.021 34.5456
253.254 34.9536
263.342 40.5659
267.758 51.1085
223.343 55.4602
223.566 64.2026
223.828 72.8039
224.051 81.5743
213.347 92.6019
218.646 93.9035
224.018 94.7634
229.523 93.5658
234.953 91.7909
189.329 64.273
195.075 59.1285
202.564 58.8205
209.657 63.506
202.923 65.8905
195.199 66.6358
236.714 62.1911
243.676 56.6364
251.203 56.5637
257.018 61.4758
251.538 63.9743
243.888 64.0565
205.19 111.432
212.585 107.173
219.087 104.848
223.864 106.139
229.272 104.417
236.405 106.446
244.505 109.841
236.862 113.493
229.896 114.715
224.237 115.415
219.337 115.243
212.72 114.192
208.683 111.142
219.186 109.418
224.051 109.835
229.638 108.97
240.991 109.931
229.596 108.82
224.006 109.731
219.232 109.356
