173.921 70.3667
176.094 86.0825
179.699 101.544
183.87 116.539
189.38 130.885
196.875 144.559
205.274 156.892
215.738 165.207
229.058 167.405
242.212 163.146
252.071 152.426
260.277 139.594
267.227 126.182
271.841 111.967
274.44 97.5403
276.106 83.0894
277.344 67.8553
180.341 56.4122
185.017 46.9183
194.686 41.3816
206.057 39.3182
216.825 41.5294
234.945 40.7746
245.033 38.0302
255.658 39.2183
265.144 43.8677
269.932 52.7759
226.569 56.844
226.756 65.3681
227.013 73.7248
227.266 82.4397
216.632 93.6821
221.831 95.4409
227.284 96.6412
232.738 94.9977
237.739 92.7481
192.477 64.8175
198.288 59.1268
206.225 58.6721
213.277 63.5496
206.296 65.774
198.389 66.4459
239.852 61.768
246.603 56.5768
254.304 56.4756
260.184 61.3624
254.717 63.4938
247.022 63.3899
207.519 122.31
212.531 111.428
221.014 107.091
227.002 108.504
233.013 106.641
240.963 109.889
245.257 119.933
241.01 131.791
233.567 138.449
227.091 139.818
220.585 139.479
212.261 134.444
210.139 121.734
221.406 113.561
227.35 113.464
233.31 112.739
242.121 119.627
232.986 130.516
226.792 132.03
220.684 131.52
