161.719 83.2238
167.039 95.2149
172.391 106.431
177.826 117.558
183.734 128.698
192.144 137.45
202.609 143.881
215.013 147.652
228.177 147.059
240.477 142.876
251.274 134.926
259.797 125.373
265.832 113.773
267.127 100.241
266.186 86.5531
264.896 73.1051
263.715 58.6594
163.653 66.9729
165.553 55.1129
173.314 48.1209
183.244 44.7889
193.663 44.8864
212.316 40.6526
221.912 35.5101
232.875 34.7865
243.591 38.6488
250.843 46.7803
206.673 61.1682
208.611 70.4192
210.513 79.2317
212.555 88.4108
205.834 100.378
210.856 100.226
215.779 99.8924
220.559 97.9131
225.161 96.0556
176.419 75.3362
180.511 69.449
187.794 67.5202
195.609 71.2849
189.361 75.0574
181.912 76.9355
222.008 64.1837
227.281 57.6213
234.796 56.4029
241.732 59.6621
236.811 63.5589
229.003 64.9254
202.288 120.731
207.53 114.61
212.946 110.398
217.655 110.795
222.142 108.244
229.744 109.419
237.369 112.093
232.047 117.141
225.777 120.54
220.701 122.215
215.839 122.872
209.707 123.244
205.068 119.364
214.298 115.77
218.97 115.225
223.811 113.579
233.478 112.363
223.597 114.207
218.787 115.947
214.072 116.595
