166.211 74.801
169.64 87.5063
173.788 99.1452
178.286 111.258
182.999 123.097
190.36 133.393
200.359 141.249
212.72 146.047
227.22 146.278
240.907 143.009
252.113 135.594
261.374 126.556
267.925 114.895
270.134 101.877
270.447 88.7867
271.184 76.027
271.56 62.1754
170.655 61.6968
174.143 51.2141
183.203 44.2781
194.488 41.6201
206.124 42.5406
224.86 40.1793
234.792 36.2677
245.764 35.8511
256.053 39.801
262.02 48.647
217.131 57.9448
218.173 66.9038
219.204 75.6943
220.256 84.7092
210.623 96.2028
215.963 96.9123
221.444 97.3908
226.947 95.5208
232.316 93.3958
183.951 69.0141
189.55 63.7916
197.105 62.7802
204.745 66.9998
197.846 69.9226
190.021 71.0619
231.503 62.8326
237.907 56.8755
245.587 56.0374
252.194 59.9225
246.675 63.4048
238.861 63.9873
203.517 115.674
210.428 110.662
216.737 107.718
222.302 108.855
227.591 106.358
234.647 107.507
242.687 110.954
236.103 115.171
229.577 117.547
223.938 118.927
218.249 119.129
211.525 118.678
206.677 115.076
217.487 112.709
223.011 112.67
228.575 111.312
238.888 111.09
228.496 111.396
223.003 113.047
217.451 112.956
