173.764 67.8748
174.88 80.7968
176.904 92.8305
179.647 104.943
182.893 117.366
189.63 128.217
199.03 137.145
210.989 143.394
224.941 145.133
239.548 142.736
251.683 136.306
262.43 128.304
270.596 118.066
274.469 106.155
276.453 93.0755
277.747 80.7253
278.93 67.1535
178.703 57.8176
184.015 47.8803
194.444 42.1934
206.532 40.1623
217.558 43.2522
235.048 42.3191
245.603 39.0267
256.937 40.032
266.92 45.2544
271.681 55.3603
226.432 58.0846
226.333 67.5345
226.169 76.7201
225.978 86.1262
213.412 94.1314
219.432 96.0516
225.589 97.7479
231.943 96.2486
238.092 94.5305
191.374 64.3908
197.805 59.839
205.252 59.8074
212.582 64.7374
205.385 66.0962
197.733 66.4074
239.323 64.3287
246.925 59.0714
254.488 59.0107
260.744 63.6098
254.716 65.7174
246.859 65.7186
201.618 108.28
210.944 106.525
218.921 105.546
224.679 107.143
230.799 105.693
238.953 106.887
248.609 108.477
238.469 113.142
230.511 114.525
224.111 114.97
218.122 114.276
210.54 112.325
205.108 108.689
218.766 110.124
224.71 110.841
230.921 110.117
244.849 109.005
230.546 108.921
224.33 109.588
218.443 108.812
