172.929 71.5967
174.98 84.5668
178.163 97.0427
181.657 109.679
185.875 122.498
193.041 133.578
201.767 142.558
213.183 148.711
226.439 149.982
240.304 147.415
252.198 140.1
262.695 131.389
270.31 120.857
274.604 108.44
277.194 95.3075
278.917 81.9635
280.666 67.7412
178.971 55.264
183.582 45.5449
192.964 39.9247
204.005 38.5569
214.353 41.0965
234.512 40.1038
244.32 37.2079
255.099 38.5092
264.495 44.3088
269.222 53.8522
224.859 60.609
225.036 70.6255
225.232 80.1935
225.424 89.8877
214.406 99.3668
219.767 101.426
225.475 102.694
231.161 101.27
236.394 99.2587
190.085 66.2486
196.191 59.3988
204.867 59.5262
212.187 67.0981
204.759 69.7088
195.881 70.1649
237.937 66.2427
244.999 58.3139
253.696 58.0689
259.759 64.35
254.514 68.2977
245.779 68.5583
206.465 120.219
213.929 114.614
220.48 112.096
225.378 113.541
230.751 111.861
237.855 113.923
245.561 118.868
238.21 122.748
231.532 124.595
225.827 125.162
220.719 124.825
213.886 123.223
209.922 119.454
220.617 117.496
225.564 117.934
231.042 117.186
241.933 118.382
231.152 117.798
225.672 118.67
220.707 118.032
