173.785 69.6509
175.53 82.3297
178.342 94.3995
181.344 106.667
184.889 118.894
191.287 130.127
200.616 138.758
212.649 144.12
226.596 145.422
240.408 143.142
251.493 136.623
260.612 128.388
267.34 117.705
270.629 105.745
272.99 93.1527
275.479 81.0323
277.365 68.1877
179.796 56.9689
184.639 46.8577
194.809 41.3172
206.551 39.8875
217.499 42.9411
236.086 41.9536
246.272 38.6786
257.062 39.3665
266.589 44.5758
270.594 54.9393
226.939 57.5022
227.014 66.437
227.128 75.0968
227.175 84.0649
215.589 94.0955
220.973 95.7754
226.477 96.9146
232.046 95.8344
237.37 94.18
192.096 64.7387
198.412 59.965
205.897 59.7814
212.78 64.6253
206.051 66.6745
198.324 67.2109
239.65 64.0199
247.045 59.0691
254.437 59.1204
259.974 63.7571
254.664 66.2409
247.039 66.0011
206.697 113.255
214.542 109.156
220.91 107.269
225.953 108.92
231.508 107.229
238.112 109.307
245.461 113.292
237.994 116.968
231.383 117.796
225.668 118.285
220.454 117.812
214.024 116.424
210.205 112.978
220.829 111.44
225.991 112.123
231.589 111.44
242.058 112.906
231.321 112.274
225.728 113.04
220.638 112.35
