173.56 68.4678
175.274 81.4218
177.861 93.6636
180.598 105.909
183.639 118.488
189.989 129.654
199.48 138.305
211.667 144.235
225.681 146.084
239.666 144.11
251.282 137.829
261.243 129.616
268.292 119.051
271.395 106.681
273.311 93.7381
275.311 81.6555
277.283 68.3231
179.555 56.9206
184.484 46.9246
194.681 41.2793
206.464 39.8392
217.36 42.8519
235.696 41.9011
245.897 38.6364
256.865 39.5022
266.503 44.9417
270.431 55.2154
226.625 57.6811
226.64 66.7232
226.68 75.455
226.713 84.5077
215.286 94.3671
220.583 96.1756
226.101 97.4143
231.749 96.2631
237.083 94.3148
191.888 64.9582
198.093 60.195
205.591 60.0483
212.717 64.7306
205.864 66.8383
198.116 67.4132
239.243 64.2679
246.599 59.1235
254.126 59.2764
259.939 64.0125
254.257 66.4188
246.555 66.2063
206.063 113.224
213.863 109.374
220.554 107.616
225.471 109.319
230.975 107.651
237.609 109.749
245.269 113.358
237.503 116.924
230.725 117.731
225.022 118.151
219.871 117.713
213.241 116.338
209.323 112.966
220.426 111.683
225.475 112.378
231.027 111.615
241.831 113.166
230.719 112.628
225.146 113.342
220.16 112.56
