170.936 72.3437
173.301 84.8217
176.423 96.9894
180.214 108.972
184.588 120.686
191.48 131.298
200.466 138.891
212.263 143.274
225.754 143.699
239.442 141.362
250.93 135.584
260.607 127.912
267.358 117.834
270.51 105.822
271.932 93.3181
272.865 81.4528
273.795 68.4673
176.076 55.7981
180.273 45.4829
189.612 39.0396
201.063 37.1548
212.352 39.6296
230.493 38.3068
240.432 34.3344
251.512 34.5668
261.227 40.1612
265.428 50.3249
222.264 55.2178
222.504 63.6807
222.783 71.9538
222.984 80.5204
212.374 92.2571
217.731 93.3947
223.246 94.2059
228.726 93.232
234.057 91.6559
188.395 64.7844
193.972 59.5552
201.263 59.0912
208.657 63.6774
201.901 66.0828
194.308 66.9401
235.482 62.2311
242.385 56.7015
249.905 56.5501
255.855 61.2783
250.244 63.8562
242.684 63.913
204.348 111.916
211.71 106.745
218.333 104.205
223.057 105.549
228.206 103.731
235.116 105.892
243.583 109.72
235.902 113.452
229.135 114.743
223.754 115.468
218.937 115.455
212.049 114.525
207.556 111.366
218.647 108.637
223.411 108.986
228.704 108.158
239.957 109.751
228.635 109.046
223.329 110.046
218.645 109.802
