165.846 77.4468
168.333 88.2486
171.759 98.2466
176.35 108.368
181.387 118.171
187.948 127.149
196.141 134.124
206.711 137.957
219.124 138.394
232.115 135.471
242.826 129.411
252.273 120.912
259.19 111.152
262.978 100.011
265.017 87.8977
265.871 76.0791
266.369 63.9182
169.099 49.2527
170.801 37.9399
178.234 29.9841
188.695 25.9338
198.835 27.4807
215.201 24.2273
225.041 19.42
236.629 20.845
246.648 27.1047
251.698 37.4455
208.228 41.2025
208.677 46.5244
208.964 51.6748
209.305 57.1194
202.923 75.3576
207.276 75.1121
211.704 74.7663
216.771 73.9945
221.716 72.7872
178.728 58.3395
183.553 52.1992
190.615 50.4813
198.062 53.5667
192.002 56.5448
184.869 58.4171
222.784 49.2206
229.556 44.1244
236.996 44.2373
243.481 48.7449
237.415 50.5881
229.814 50.6411
197.616 103.246
201.23 90.9444
207.799 84.3519
212.892 85.0994
218.28 83.0619
226.963 87.7184
233.598 98.9877
228.816 107.337
221.143 111.523
215.208 112.776
209.65 112.763
202.699 110.141
200.645 102.09
208.813 90.9584
213.702 90.3783
219.171 89.7442
230.163 98.2783
219.78 103.72
214.092 104.903
208.946 104.996
