178.152 67.4422
178.746 80.7894
180.214 93.4116
182.338 106.248
185.941 118.683
192.997 129.915
202.622 139.316
214.999 146.105
229.304 148.539
243.674 146.38
255.688 139.184
265.577 130.299
272.958 119.751
276.792 108.075
279.157 95.3977
281.104 83.3645
282.694 69.9307
185.009 58.3318
191.188 48.8852
202.186 44.0375
214.338 43.0964
225.249 47.1831
243.547 47.0603
253.298 43.2808
264.158 44.0783
273.836 49.4215
278.017 59.5639
234.035 61.2526
233.927 71.7426
233.753 81.9816
233.512 92.4888
218.691 97.273
225.352 99.7789
232.109 102.249
238.81 100.658
245.232 98.8269
197.11 64.5008
204.246 60.5563
211.574 61.055
218.883 66.6126
211.367 66.9884
203.734 66.6474
246.031 67.5992
253.983 62.4744
261.377 62.3873
267.315 67.0689
261.448 68.6856
253.718 68.6613
205.035 108.09
215.623 107.58
224.637 107.664
231.006 109.59
237.744 108.327
246.345 109.232
256.384 110.044
245.563 115.631
237.009 117.757
229.977 118.253
223.322 117.222
214.564 114.129
208.54 108.902
224.286 111.451
230.862 112.576
237.63 112.018
252.695 110.844
237.236 112.399
230.444 113.088
223.864 111.888
