178.702 66.6312
180.446 79.6867
182.921 91.7362
185.707 103.94
189.058 116.301
195.712 127.491
204.955 136.378
216.475 142.82
230.207 144.909
244.123 142.71
255.396 135.81
264.417 126.741
271.337 116.149
274.743 104.17
277.515 91.628
280.055 79.4988
282.109 66.3964
185.387 54.7577
190.693 45.4076
200.923 40.0486
212.777 38.0306
223.892 40.4341
240.61 39.9025
251.244 37.3611
262.21 38.8491
271.899 43.8977
276.5 53.441
232.798 54.9577
232.898 64.2499
232.942 73.1963
232.953 82.4538
220.568 91.4537
226.223 93.4059
232.039 94.9909
237.934 93.7265
243.432 91.7937
196.944 62.0932
203.241 57.0533
210.876 56.8355
218.071 61.8025
210.965 63.4534
203.186 63.9804
245.078 61.4631
252.439 56.2424
260.043 56.2348
266.115 61.1245
260.284 63.3006
252.489 63.0661
210.56 110.485
218.291 105.631
225.348 103.654
230.925 105.465
236.816 103.76
243.96 106.026
250.964 110.564
243.901 115.934
236.686 118.073
230.551 118.619
224.741 117.905
217.743 115.397
214.285 110.284
225.256 108.696
230.949 109.382
236.897 108.849
247.266 110.528
236.679 110.746
230.675 111.488
225.008 110.677
