185.606 65.0438
185.861 78.3163
186.249 91.2023
187.036 104.459
189.389 117.69
196.503 129.182
206.284 138.659
218.581 145.92
233.216 148.964
247.705 147.292
259.143 140.184
268.493 131.111
275.634 121.176
279.824 110.237
282.65 98.7506
285.304 87.5834
287.688 75.2177
193.956 57.3106
201.275 48.1098
212.815 44.0836
225.062 44.2404
236.384 48.9105
254.611 50.3641
264.76 47.8396
275.096 49.0624
283.898 55.1153
286.104 66.1334
244.719 64.3339
244.055 74.6138
243.44 84.5861
242.711 94.8865
227.481 98.8734
233.751 101.363
240.19 104.154
246.116 103.242
251.925 101.831
207.054 64.3099
213.938 60.3825
221.638 61.4713
228.094 67.9472
220.816 68.0856
213.025 67.2839
255.126 71.099
262.692 65.9945
270.127 66.4826
275.148 71.9003
269.867 73.4993
262.308 73.0002
211.683 109.41
222.851 109.469
232.439 110.071
238.408 112.268
244.835 111.262
252.421 112.789
260.688 114.018
250.982 119.283
243.216 120.953
236.523 120.945
230.172 119.625
220.982 115.691
215.441 110.367
231.899 114.028
238.11 115.555
244.521 115.164
256.889 114.671
243.657 115.178
237.261 115.569
230.977 114.084
