173.338 69.2122
175.143 82.1705
178.228 94.8158
181.668 107.582
185.606 120.572
192.208 132.066
201.119 141.434
212.84 147.591
226.762 148.894
241.022 145.993
252.974 138.59
263.016 129.76
270.06 118.832
273.671 105.886
275.999 92.7539
277.78 79.8816
279.315 66.3222
179.296 53.3599
183.584 43.7962
192.689 38.1675
203.327 37.2666
213.118 40.2853
235.746 39.0772
245.103 35.6824
255.422 36.6578
264.51 42.264
268.816 51.7398
224.9 59.1448
225.133 68.7551
225.383 77.8884
225.583 87.2278
214.798 97.5927
219.914 99.4889
225.331 100.674
230.919 99.4268
236.075 97.519
190.276 65.8383
196.185 59.0096
204.811 59.0777
212.314 66.2699
205.012 69.1994
196.026 69.7043
237.764 65.3189
244.713 57.6165
253.319 57.2953
259.409 63.4992
254.232 67.3532
245.517 67.7038
206.779 118.262
214.119 113.06
220.675 110.454
225.077 111.953
230.109 110.235
237.157 112.349
244.908 116.912
237.436 121.247
230.823 123.17
225.421 123.73
220.674 123.567
214.017 121.999
210.114 117.859
220.771 116.14
225.302 116.477
230.511 115.815
241.299 116.682
230.335 116.171
225.188 117.069
220.657 116.559
