173.767 68.0916
174.782 80.9303
176.766 93.06
179.27 105.167
182.626 117.684
189.633 128.812
199.518 137.81
211.737 144.022
226.097 145.789
240.364 143.699
252.742 137.416
263.083 129.052
271.205 118.629
275.045 106.607
277.128 93.6174
278.31 81.135
279.301 67.6661
178.753 59.8444
183.722 49.1441
194.401 42.8173
206.764 40.6708
217.953 43.7458
235.024 43.201
245.846 39.515
257.94 40.6777
268.542 46.53
273.208 57.5212
226.668 58.4204
226.673 68.165
226.563 77.6004
226.46 87.3788
212.734 94.0352
219.358 95.9548
226.135 97.9422
233.065 96.1727
239.848 94.2731
191.244 64.0498
197.569 60.0399
204.739 60.0773
212.369 64.685
204.86 65.4637
197.464 65.6192
240.329 64.3237
247.925 59.2771
255.343 59.1241
261.981 63.3287
255.528 64.9732
247.855 65.0694
200.165 107.281
210.241 105.592
218.787 104.905
225.457 106.649
232.328 104.896
241.27 105.579
252.101 106.93
241.118 111.427
232.505 113.121
225.276 113.804
218.367 113.161
209.979 111.326
203.795 107.703
218.594 109.022
225.442 109.867
232.469 108.897
248.518 107.508
232.449 108.138
225.456 108.982
218.57 108.198
