174.288 69.6194
176.879 82.3592
180.156 93.8505
183.045 105.795
186.03 117.86
192.318 128.463
201.302 137.12
213.184 142.749
227.653 144.07
241.618 141.916
252.573 135.497
261.559 126.664
267.977 116.135
271.059 104.143
273.198 91.7847
275.368 79.8333
277.13 66.6992
180.292 58.1249
185.446 48.3076
195.679 43.4531
207.41 41.1194
218.983 42.1355
232.585 41.7082
243.501 40.3705
254.889 42.8087
264.826 47.6515
269.919 56.6916
226.714 57.1168
227.022 66.0802
227.338 74.7201
227.651 83.6638
217.004 93.6781
222.117 95.142
227.46 96.2851
232.721 95.1635
237.863 93.4287
192.299 64.0542
198.488 58.817
206.354 58.6082
213.662 63.7633
206.601 66.229
198.509 66.867
239.007 63.1593
246.154 57.8868
253.871 58.0566
259.818 62.9504
254.208 65.723
246.34 65.5028
210.022 113.681
216.533 108.879
222.857 106.664
227.895 108.167
233.255 106.442
239.763 108.578
245.997 113.829
239.788 116.4
233.408 117.282
227.791 117.877
222.597 117.462
216.112 116.374
213.259 113.038
222.971 110.96
228.041 111.532
233.529 110.767
242.677 112.934
233.173 111.318
227.766 112.115
222.668 111.452
