172.993 70.3654
175.102 83.8873
178.492 96.8518
181.604 109.844
185.458 122.811
192.175 134.357
201.417 143.522
213.14 149.577
226.703 150.933
240.623 148.124
252.232 141.149
262.663 132.614
269.655 121.724
273.089 109
274.996 95.7553
276.8 82.5419
278.553 68.6107
179.277 55.8222
184.12 45.9103
193.589 40.9373
204.353 40.4189
214.371 43.5893
237.179 42.1455
246.739 38.8899
256.851 39.5481
265.942 44.4375
270.546 53.8376
226.158 61.3549
226.438 71.1474
226.735 80.6802
227.095 90.3459
215.816 99.7284
221.107 101.481
226.643 102.807
232.161 101.313
237.222 99.249
190.912 67.5929
196.992 61.0575
205.484 61.1077
212.575 68.193
205.527 71.0854
196.701 71.4729
239.125 67.092
246.074 59.4696
254.424 59.092
260.199 65.1228
255.334 69.0788
246.848 69.5161
206.98 120.035
214.84 114.851
221.625 112.613
226.161 114.068
231.66 112.305
238.421 114.196
246.129 118.585
238.901 122.995
232.231 124.713
226.455 125.302
221.529 125.216
214.662 123.71
210.571 119.596
221.698 117.765
226.325 118.209
231.888 117.384
242.595 118.335
231.939 118.434
226.404 119.367
221.69 118.837
