166.647 74.6282
168.407 86.2186
171.78 97.7058
176.943 109.011
182.859 119.514
189.899 130.009
198.541 139.308
208.711 144.61
221.353 145.748
234.049 142.352
244.014 135.175
252.41 124.68
259.032 113.33
263.461 101.305
266.009 88.3759
267.256 75.8455
267.151 63.5599
171.293 45.686
173.123 34.1172
181.203 25.2308
192.075 21.3882
202.497 23.5153
218.208 20.8427
228.032 16.082
239.511 17.5143
249.302 24.3524
254.35 34.8577
211.018 37.9213
211.495 42.4809
211.961 46.827
212.43 51.6875
206.064 72.2611
210.278 71.3679
214.498 70.3476
218.993 69.9913
223.598 69.5712
180.931 54.8447
185.95 48.7532
192.838 47.0052
200.639 50.1674
194.143 53.0951
187.024 54.7893
224.821 46.6022
231.457 41.7396
238.971 41.7773
245.713 46.5315
239.379 48.1696
231.653 48.1236
199.514 104.861
203.013 89.2541
210.661 80.936
215.755 81.5312
220.611 79.851
229.87 86.2024
235.298 101.175
231.806 113.107
223.683 119.279
218.103 120.251
212.58 120.338
204.519 115.235
202.42 103.399
211.559 88.7057
216.418 87.8441
221.27 87.6254
232.55 100.053
222.399 111.001
217.238 111.996
212.095 111.919
