172.904 68.7536
174.099 81.4181
176.046 93.3413
179.144 105.338
183.047 117.339
190.077 128.029
199.55 136.934
211.685 142.752
226.219 144.27
240.851 142.058
252.69 135.525
262.47 126.868
269.531 115.647
272.558 103.176
274.132 90.2348
275.085 78.2922
275.411 65.5749
177.729 56.3033
182.239 45.8854
192.086 39.6532
204 37.7292
215.049 40.5969
233.388 39.5289
243.549 35.7668
254.773 36.3366
264.743 41.986
269.059 52.375
224.806 56.3766
225.005 65.3956
225.15 74.0976
225.352 83.2002
212.703 92.3376
218.829 93.8687
224.912 95.1676
231.088 93.9582
237.278 92.5419
190.254 64.094
196.44 59.31
203.744 59.229
211.043 64.0406
203.905 65.7096
196.372 66.035
237.923 63.0902
245.319 57.8279
252.701 57.6694
258.781 62.3441
252.948 64.6195
245.253 64.6309
201.429 107.15
210.575 104.872
218.801 103.613
224.562 105.155
230.604 103.633
239.326 105.013
249.267 107.104
239.362 111.622
230.87 113.377
224.6 113.98
218.633 113.446
210.463 111.503
204.978 107.566
218.743 108.626
224.657 109.146
230.816 108.485
245.656 107.437
230.719 107.379
224.589 108.114
218.705 107.457
