170.375 70.2116
172.647 82.9774
176.223 95.4449
179.884 107.659
184.133 119.69
191.084 130.454
200.491 138.253
212.204 143.333
225.488 144.26
238.945 142.055
250.414 136.175
260.556 128.391
267.764 118.006
271.19 106.142
272.878 93.1273
273.864 80.7888
274.891 67.5565
175.91 56.0137
179.87 45.4191
189.436 38.9326
201.042 37.1817
212.232 39.5683
230.42 37.7428
240.785 34.0376
252.081 34.6753
261.849 40.4049
266.062 50.7393
222.094 55.0278
222.417 63.7421
222.733 72.3229
222.948 81.1703
212.423 92.5428
217.669 93.9084
223.078 94.8305
228.581 93.6758
233.834 91.9667
188.493 64.6796
194.256 59.8809
201.618 59.3709
209.021 63.6291
202.203 66.1989
194.52 67.0158
235.293 61.9822
242.462 56.9595
249.994 56.9777
255.861 61.4605
250.209 64.0691
242.571 63.9741
204.11 112.122
211.289 107.199
217.839 104.617
222.625 106.11
228.043 104.263
235.006 106.571
243.114 110.871
235.627 114.214
228.844 115.323
223.366 115.885
218.57 115.713
211.697 114.953
207.315 111.653
218.123 109.186
222.932 109.533
228.434 108.771
239.529 110.724
228.483 109.219
223.059 109.989
218.351 109.644
