173.536 67.5567
175.308 80.0206
177.865 91.7409
180.22 103.815
183.218 116.33
189.261 127.677
198.143 136.618
209.962 142.735
224.123 144.602
238.221 142.927
249.391 136.442
258.719 127.731
265.63 117.199
268.956 104.926
271.421 92.6782
273.936 80.8461
276.318 67.8317
180.316 55.7137
185.254 45.8721
195.247 40.4169
207.12 38.4107
218.008 41.1697
235.713 40.7705
246.068 37.9119
257.044 39.0574
266.523 44.2898
270.404 54.3665
226.851 56.1859
226.807 65.0109
226.837 73.5435
226.754 82.4616
215.235 92.5986
220.588 94.1587
226.032 95.3362
231.482 94.434
236.662 92.7982
192.124 63.9772
198.392 59.0833
206.041 58.8315
213.132 63.4959
206.17 65.8008
198.284 66.3561
239.138 63.0655
246.582 58.4066
254.225 58.5965
259.801 63.3012
254.263 65.7444
246.444 65.3341
205.955 112.156
213.667 107.688
220.206 105.697
225.321 107.53
230.757 105.838
237.204 108.173
244.367 112.747
236.998 115.962
230.625 116.594
224.914 116.835
219.605 116.309
213.115 115.017
209.43 111.938
220.075 110.184
225.326 111.01
230.87 110.367
240.992 112.391
230.613 110.692
225.071 111.272
219.872 110.411
