166.932 71.5253
168.592 83.9349
172.445 96.4085
177.968 108.725
184.53 120.382
192.26 131.576
201.24 141.342
211.558 148.057
223.811 149.739
236.232 145.07
246.121 136.205
254.746 125.438
261.59 113.606
265.92 101.187
268.298 87.7787
269.28 75.3994
268.642 62.8765
172.641 45.6043
174.615 34.1178
182.421 25.5156
192.868 22.4632
202.762 24.9614
221.56 22.7871
230.837 18.227
241.363 18.721
250.635 24.7009
255.459 34.7485
213.832 39.2529
214.149 44.2451
214.314 48.9711
214.46 54.3861
208.559 73.8154
212.545 73.3749
216.689 72.8571
220.796 72.1076
224.946 71.3833
182.545 54.8547
187.784 49.5634
194.873 47.9554
202.701 50.7127
195.946 53.232
188.777 54.9137
226.749 47.3425
233.371 43.0378
240.772 43.1863
247.233 46.9828
241.224 48.5976
233.687 48.4288
201.322 104.164
204.628 89.6696
212.646 81.9615
218.02 82.6596
222.753 81.0519
232.47 86.7419
237.855 100.492
234.257 114.568
225.976 122.574
220.277 123.883
214.304 123.809
205.997 117.308
203.981 103.331
213.598 89.4808
218.834 88.8858
223.614 88.195
234.81 99.9202
224.6 114.363
219.384 115.872
213.809 115.301
