164.491 71.1093
166.74 81.3225
169.886 91.4486
173.936 101.699
178.15 111.641
184.909 120.389
194.603 125.674
206.566 127.947
220.079 127.368
234.208 124.666
245.744 120.117
255.645 113.159
262.199 103.84
264.741 92.8139
265.955 81.9696
266.573 70.8997
266.367 59.5349
167.834 50.0441
170.348 38.7735
178.016 30.8116
188.833 26.5786
199.749 27.5474
214.53 24.7673
224.759 21.0033
236.493 22.7745
246.353 28.3965
252.242 38.1457
208.763 42.9315
209.379 48.4329
209.887 53.7277
210.409 59.5103
202.928 76.8395
207.724 76.7191
212.746 76.3016
218.01 75.2967
223.162 73.8618
178.86 59.1052
183.323 53.7789
190.054 51.9365
197.868 54.266
191.781 57.4982
184.735 59.5016
223.192 49.9175
229.674 45.4133
236.918 45.4288
243.581 49.0681
237.445 51.0478
230.006 51.2444
197.263 99.7861
203.182 91.6222
208.977 86.6654
214.049 87.246
218.992 84.9789
226.832 87.5885
235.416 93.6762
228.447 96.8478
221.629 98.4961
216.351 99.6118
211.131 100.009
204.806 100.32
200.276 98.2513
209.865 92.4968
214.872 92.036
220.009 90.9211
231.561 93.099
220.419 92.4651
215.197 93.6737
210.159 93.9956
