171.976 69.9748
173.568 82.597
176.185 94.4847
179.52 106.542
183.392 118.685
190.149 129.53
199.719 138.097
212.147 143.55
226.335 144.614
240.702 142.019
252.771 135.744
263.266 128.043
270.771 117.415
273.769 105.275
275.171 91.9028
276.053 79.7399
276.815 66.4391
177.103 55.3637
181.454 45.3395
191.077 38.9067
202.707 37.1601
213.521 40.0961
232.633 38.6257
242.845 34.9042
253.925 35.5562
263.727 41.3104
267.959 51.5711
224.104 56.1029
224.217 64.9875
224.285 73.5778
224.38 82.4587
212.918 93.0164
218.694 94.2897
224.346 95.2936
230.148 94.1535
235.808 92.8667
189.923 63.9814
195.868 59.0294
203.127 58.9525
210.235 63.7366
203.417 65.5758
195.867 66.0214
237.566 62.7669
244.654 57.2967
251.991 57.2106
257.882 61.888
252.272 64.1586
244.767 64.2797
203.289 109.163
211.65 106.388
219.007 104.6
223.92 106.01
229.461 104.449
237.223 106.169
246.634 108.4
237.542 112.764
230.037 114.194
224.231 114.805
219.1 114.427
211.705 112.911
206.911 109.405
218.971 109.386
224.048 109.829
229.749 109.153
242.916 108.914
229.715 108.193
224.032 108.996
219.031 108.477
