168.19 74.482
169.943 86.9354
174.157 99.7269
179.524 111.744
185.932 123.13
193.564 133.635
202.668 142.131
212.348 146.843
224.604 147.464
237.097 143.685
246.543 136.328
255.177 126.125
261.75 115.466
266.291 103.53
269.012 90.3482
269.518 77.3058
269.139 64.4315
172.996 44.5957
175.103 33.3466
183.15 24.7798
193.714 21.2952
203.775 23.3581
220.078 20.6549
229.673 16.2109
240.755 17.5328
250.199 24.108
255.051 34.1914
213.094 38.1402
213.489 42.9548
213.765 47.6442
214.026 52.7957
207.877 72.9473
211.934 72.3913
216.09 71.6909
220.19 71.2028
224.318 70.6238
182.695 54.8074
187.736 48.5403
194.847 46.8863
202.326 50.2826
196.056 53.3701
188.846 55.0254
226.355 47.037
232.924 41.9779
240.519 42.0653
247.156 47.0101
241.028 48.7205
233.296 48.6125
201.426 105.797
204.374 90.0898
212.05 82.1567
216.99 82.7891
221.845 81.1909
230.902 87.4031
236.104 102.113
232.614 113.978
225.112 120.339
219.725 121.528
214.36 121.61
206.229 116.04
204.142 104.431
212.964 90.1301
217.647 89.1888
222.52 88.923
232.955 101.226
223.693 112.545
218.627 113.608
213.652 113.545
