173.591 68.7308
175.94 83.5552
179.174 98.5374
183.156 113.338
188.79 127.485
195.769 140.774
204.025 152.452
213.799 160.82
227.111 163.499
240.682 160.482
250.883 151.227
259.888 139.138
267.495 126.04
272.665 111.745
275.535 96.8756
277.207 82.0808
278.995 66.91
179.158 57.8259
184.178 48.5256
194.033 43.2046
206.027 41.2556
217.344 43.6562
233.103 42.916
243.509 39.1822
254.824 39.8519
265.048 44.0773
270.679 52.7711
225.467 54.9297
225.587 62.8871
225.587 70.8866
225.538 79.3669
215.396 88.9665
220.603 91.1381
226.231 93.012
231.992 90.859
237.153 88.1536
190.706 63.1514
196.599 58.575
204.12 58.0606
211.506 61.6636
204.416 63.3622
196.841 64.0393
239.82 60.0937
246.646 55.8892
254.286 55.6994
260.299 59.8239
254.454 61.3284
246.946 61.2997
207.229 118.265
211.253 105.178
219.642 100.618
226.166 101.865
232.447 100.334
241.119 103.995
245.836 116.374
241.386 129.871
233.22 136.357
226.536 137.462
219.769 137.005
211.462 131.476
209.454 117.07
220.027 105.004
226.483 105.029
232.71 104.631
243.23 115.662
232.679 129.429
226.146 130.724
219.61 130.024
