177.542 66.7551
178.131 80.2776
179.816 92.7488
181.987 105.407
185.427 118.133
192.21 129.528
201.771 139.177
214.366 146.164
229 148.618
243.726 146.288
256.163 139.231
266.57 130.593
274.362 119.998
278.512 107.856
280.766 94.5805
282.231 82.2553
283.601 68.7519
183.832 58.2528
189.945 48.7145
200.906 43.3918
213.31 42.3656
224.134 46.4954
242.304 46.0853
252.682 42.529
263.809 43.5186
273.651 49.3276
277.76 59.7006
232.884 60.8689
232.856 71.0638
232.769 81.0201
232.675 91.3054
217.412 96.4066
224.27 98.9233
231.298 101.306
238.247 99.5733
244.899 97.5159
196.119 64.6696
203.319 60.9109
210.607 61.3757
217.908 66.6589
210.428 66.947
202.837 66.71
245.144 67.3761
253.12 62.33
260.41 62.361
266.478 66.7097
260.419 68.2814
252.864 68.312
204.211 108
214.984 107.512
223.92 107.404
229.916 109.16
236.762 107.793
245.687 108.561
256.167 109.059
245.027 114.826
236.24 116.926
229.104 117.407
222.801 116.55
214.149 113.975
208.033 108.775
223.503 111.367
229.728 112.318
236.63 111.578
252.477 109.748
236.41 111.664
229.47 112.264
223.234 111.227
