172.731 69.9878
175.64 82.6283
179.183 93.8161
182.149 105.68
185.076 118.034
191.593 128.838
201.152 137.333
213.006 143.066
227.104 144.319
240.901 142.344
252.021 136.62
261.364 128.49
268.22 118.715
271.46 106.736
273.344 94.1559
275.218 82.2074
277.042 69.0699
180.055 56.6552
185.083 47.2441
195.047 42.5068
206.533 40.1231
218.166 41.2116
232.406 41.068
242.981 39.2672
254.316 41.9519
264.073 46.7031
269.427 55.744
226.139 57.322
226.477 66.0286
226.813 74.4985
227.069 83.2025
216.189 94.0979
221.601 95.5234
227.188 96.6676
232.467 95.3168
237.604 93.2678
191.867 64.049
197.776 58.8097
205.615 58.4472
212.897 63.7676
205.73 66.141
197.833 66.7696
238.893 62.9625
245.975 57.6199
253.561 57.6196
259.468 62.5898
253.856 65.1456
246.174 64.9349
207.333 114.042
214.875 108.936
221.745 106.675
227.141 108.233
232.653 106.416
239.196 108.313
246.012 113.177
239.507 115.444
233.063 116.33
227.204 116.808
221.537 116.503
214.571 115.933
210.609 113.415
221.853 111.25
227.361 111.827
232.953 110.958
242.571 112.41
232.762 111.06
227.123 111.805
221.58 111.366
