172.628 75.5309
175.046 89.071
178.991 102.014
183.32 114.969
187.586 127.812
194.474 139.845
203.265 149.274
214.785 156.03
227.961 157.664
242.113 155.085
254.772 147.707
266.326 138.799
274.792 127.943
279.992 115.218
282.955 101.136
284.749 87.2857
286.51 72.3873
178.271 62.9911
183.453 53.2685
193.577 48.6497
205.038 47.5594
216.033 49.9131
234.161 48.4929
244.74 46.262
255.648 47.7327
265.734 52.6
271.583 61.5824
225.885 69.2561
226 80.5011
226.032 91.2451
226.106 102.049
215.557 109.432
220.993 111.728
226.622 113.132
232.349 111.413
237.567 109.111
191.168 73.7287
197.161 68.0735
205.464 68.6912
212.648 75.2672
205.289 77.2239
196.802 77.4808
239.378 74.2528
246.223 67.1766
254.529 66.8968
260.899 72.0135
255.322 75.6465
246.996 76.123
209.457 126.982
216.764 123.333
222.709 121.463
226.731 122.738
231.885 121.053
238.56 122.504
246.108 125.576
238.886 130.11
232.376 131.95
227.183 132.592
222.716 132.368
216.492 130.85
212.555 126.686
222.877 125.993
227.015 126.389
232.25 125.57
242.802 125.734
232.009 126.136
226.842 127.04
222.649 126.553
