167.507 72.7043
169.2 84.9127
172.906 97.1478
177.924 109.632
184.405 120.741
192.21 131.093
201.134 139.951
211.446 145.437
223.653 146.459
235.957 142.813
245.556 134.964
253.743 124.893
260.464 113.894
265.004 102.134
267.787 89.3643
269.072 76.4651
268.956 63.836
172.948 45.5575
175.301 34.5041
183.452 26.0554
194.432 22.705
205.027 25.4636
220.093 22.9298
229.858 18.0358
241.279 18.7777
251.349 24.8447
256.634 35.3508
213.619 39.1823
214.02 43.7798
214.343 48.3028
214.519 53.3663
208.272 73.9378
212.407 72.9972
216.46 72.3054
220.829 71.9099
225.334 71.4706
183.031 55.1142
188.26 49.3965
195.353 47.7061
202.705 50.9741
196.406 54.0495
189.133 55.6014
226.716 47.5432
233.135 42.7522
240.846 42.9058
247.524 47.4135
241.284 49.3819
233.465 49.2101
201.38 105.319
204.698 90.2936
212.376 81.721
217.557 82.4109
222.265 80.702
231.397 87.2014
236.694 101.978
233.215 114.908
225.695 121.406
220.098 122.501
214.356 122.483
206.37 116.995
204.261 104.264
213.337 89.9218
218.272 88.9786
223.006 88.7579
233.603 101.19
224.343 112.202
219.227 113.299
213.947 113.134
