173.116 71.5502
175.267 84.1293
178.522 95.8616
181.845 107.839
185.328 119.846
191.457 130.842
200.293 139.25
211.971 145.082
225.567 146.554
239.146 144.647
250.406 138.638
259.986 130.487
266.882 119.705
270.111 107.58
272.306 94.743
274.67 82.3093
276.89 68.6791
178.918 59.0266
183.582 48.8513
193.634 43.3147
205.411 41.4912
216.681 43.8342
233.653 42.7504
244.3 39.4314
255.619 40.0732
265.581 45.0966
270.134 55.3335
225.636 58.6012
225.802 67.7475
225.931 76.6182
226.02 85.7854
215.156 96.0143
220.408 97.4781
225.796 98.6366
231.188 97.423
236.335 95.6607
191.534 66.5107
197.645 61.2757
205.232 60.8981
212.415 66.0377
205.37 68.4371
197.624 69.0731
238.458 64.9384
245.849 59.5241
253.495 59.5104
259.239 64.4084
253.689 67.2504
245.863 67.0083
206.598 115.128
213.805 110.521
220.235 108.475
225.42 110.194
230.864 108.358
237.412 110.225
244.657 114.686
237.593 118.295
230.965 119.826
225.295 120.406
220.009 120.121
213.563 118.698
209.846 114.7
220.265 112.955
225.538 113.586
231.139 112.797
241.069 114.421
230.811 113.756
225.258 114.685
220.065 114.111
