173.737 68.3119
175.373 81.3126
177.994 93.7039
180.924 106.22
184.678 118.673
191.469 129.598
201.013 138.093
212.742 143.553
225.956 145.082
239.789 143.225
251.334 137.094
261.742 129.525
269.634 119.593
273.92 107.59
276.393 94.5875
277.988 82.0399
279.561 68.5088
180.529 55.2366
185.603 46.0108
195.538 40.1972
207.24 38.7963
218.252 41.6458
236.049 41.242
246.02 37.9418
256.976 39.0083
266.481 44.3302
270.754 54.4896
227.011 57.2272
226.981 65.8708
226.938 74.2243
226.841 82.8766
215.686 93.5902
221.045 95.3169
226.712 96.4535
232.343 95.426
237.735 93.6567
192.859 64.0289
198.913 59.4971
206.23 59.3333
213.231 64.0539
206.429 66.0359
198.878 66.4291
240.1 63.8214
247.147 58.7614
254.59 58.7192
260.443 63.3003
254.649 65.729
247.09 65.5653
206.459 112.816
214.365 108.644
220.924 106.811
225.961 108.576
231.156 106.88
237.725 108.833
245.243 112.876
237.473 115.545
231.161 116.09
225.698 116.424
220.54 115.969
213.983 115.148
209.552 112.39
220.8 110.881
225.963 111.583
231.282 110.912
241.79 112.559
231.138 111.358
225.754 112.02
220.683 111.29
