173.913 69.2871
174.807 82.1019
176.57 94.1888
179.028 106.505
182.585 118.839
189.609 129.704
199.241 138.616
211.586 144.884
226.141 146.798
240.959 144.885
253.332 138.503
263.48 130.17
271.193 119.685
275.054 107.378
276.896 94.2836
277.847 81.7619
278.708 68.0909
178.684 59.7326
183.927 49.4205
194.475 43.2805
206.707 41.0293
218.102 44.0333
235.553 43.1007
246.394 40.0243
258.085 41.3128
268.364 47.0229
272.843 57.4766
227.251 58.2963
227.344 68.2737
227.309 77.9285
227.225 87.8474
213.383 94.257
220.046 96.3357
226.724 98.4671
233.535 96.6011
240.138 94.6188
190.938 64.2938
197.597 60.055
204.799 60.1343
212.406 64.797
204.921 65.4058
197.467 65.6452
240.569 64.5115
248.277 59.3884
255.653 59.2863
262.147 63.7736
255.775 65.2272
248.195 65.2479
201.038 107.551
211.255 105.548
219.652 104.974
226.175 106.591
233.045 104.994
241.813 105.801
252.3 107.573
241.465 111.961
232.943 113.518
225.806 114.036
218.99 113.507
210.75 111.701
204.752 107.938
219.352 109.223
226.106 109.995
233.087 109.133
248.436 108.038
232.975 108.49
226.047 109.263
219.273 108.502
