173.472 69.0204
175.099 81.75
177.59 93.8665
180.419 106.15
183.517 118.501
189.849 129.874
199.019 138.862
210.923 145.021
224.766 146.858
238.614 144.659
250.41 138.147
260.173 129.88
267.649 119.254
271.309 106.85
273.399 93.8967
275.382 81.632
277.499 68.0163
179.342 56.6556
184.397 46.904
194.453 41.3157
206.027 39.6392
217.006 42.3519
235.171 41.7729
245.295 38.5634
256.485 39.2942
266.353 44.785
270.69 55.1182
226.314 57.7283
226.315 67.0044
226.334 75.8556
226.308 84.9698
214.793 94.3852
220.126 96.1513
225.57 97.3554
231.278 96.3923
236.615 94.6833
191.604 64.7888
197.822 59.8092
205.274 59.7202
212.235 64.7715
205.399 66.7774
197.663 67.1821
239.278 64.3205
246.558 59.0124
254.109 59.0923
259.803 64.0226
254.203 66.4049
246.47 66.1618
205.21 112.624
213.009 108.834
220.01 106.968
224.782 108.346
229.997 107.069
236.932 109.185
244.973 112.936
236.889 117.188
229.791 118.41
224.355 118.76
219.303 118.283
212.429 116.624
208.65 112.469
219.895 111.377
224.814 111.886
230.068 111.412
241.464 112.969
229.755 112.858
224.47 113.414
219.556 112.734
