173.429 68.6038
174.327 81.4962
176.312 93.3763
178.737 105.491
182.215 117.998
189.186 129.008
198.717 138.223
211.091 144.519
225.631 146.406
240.019 144.207
252.342 137.694
262.326 129.196
270.159 118.743
273.925 106.603
275.704 93.6421
276.752 81.5891
277.556 68.5922
178.468 60.4466
183.778 49.7012
194.578 43.4196
206.836 41.4354
218.123 44.5356
234.611 43.5392
245.457 40.2592
257.27 41.5902
267.853 47.3927
272.242 58.5001
226.562 58.9192
226.674 68.7456
226.705 78.3001
226.708 88.113
212.386 94.5118
219.194 96.4258
226.113 98.3749
232.995 96.7817
239.738 95.0923
190.984 64.7542
197.342 60.6209
204.353 60.6919
211.782 65.2716
204.553 66.0921
197.222 66.3254
240.144 64.9008
247.567 59.7197
254.775 59.5919
261.296 64.0236
255.057 65.6966
247.625 65.7651
200.42 107.977
210.221 105.94
218.75 105.324
225.452 107.11
232.261 105.458
241.13 106.376
251.494 107.92
240.935 112.402
232.235 113.887
225.153 114.387
218.194 113.724
209.872 111.782
204.168 108.297
218.507 109.473
225.428 110.333
232.365 109.512
247.796 108.363
232.207 108.688
225.271 109.374
218.327 108.517
