173.711 69.5884
176.075 82.2284
179.178 93.63
182.282 105.66
185.608 117.853
192.135 128.92
201.413 137.594
212.888 143.696
226.768 145.102
240.522 142.82
251.533 136.325
260.674 127.518
267.304 116.93
270.561 105.116
272.656 92.7843
274.739 81.1054
276.614 67.9774
179.958 57.4527
185.222 47.7747
195.395 43.0117
207.173 40.6206
218.755 41.9832
232.069 41.8075
242.457 39.8054
253.827 42.1702
263.732 46.6811
269.405 55.5278
226.191 57.5028
226.454 66.4064
226.666 75.0798
226.885 84.0126
215.841 94.1368
221.262 95.8051
226.937 97.0063
232.482 95.5898
237.79 93.4832
191.859 64.222
197.937 59.0469
205.745 58.7685
213.189 64.2163
205.894 66.5169
197.858 67.1164
238.522 63.2648
245.898 57.742
253.668 57.6634
259.676 62.5472
253.977 65.3683
246.075 65.223
208.372 114.422
214.948 109.186
221.5 106.78
227.028 108.417
232.752 106.56
239.421 108.502
246.368 113.454
239.724 116.456
233.122 117.828
227.032 118.52
221.336 118.176
214.802 116.909
211.582 113.685
221.61 111.257
227.165 111.842
233.035 110.991
242.959 112.662
232.846 111.873
226.961 112.746
221.408 112.153
