176.759 67.372
177.517 80.9825
179.166 93.5445
181.269 106.2
184.824 118.667
191.691 129.843
201.252 139.664
213.857 146.504
228.901 148.618
243.678 146.294
255.762 139.272
265.747 130.07
272.965 118.828
276.496 106.457
278.472 93.3918
280.035 81.0506
281.471 67.3532
183.089 58.2787
188.819 48.6342
199.409 43.388
211.549 42.1091
222.455 45.3933
240.961 44.9717
251.298 41.5111
262.438 42.4609
272.168 48.129
276.387 58.1522
231.331 60.1845
231.357 70.3586
231.294 80.1484
231.268 90.4108
216.488 95.7599
223.369 98.0872
230.243 100.373
237.196 98.6776
243.787 96.7699
194.761 65.0084
201.618 61.0525
208.837 61.3078
216.321 66.3042
209.039 66.9483
201.476 66.8651
244.083 66.428
251.942 61.4837
259.285 61.4034
265.362 65.7068
259.409 67.3323
251.774 67.3276
203.072 107.829
213.473 106.946
222.693 106.739
228.977 108.463
235.832 107.073
244.774 107.71
255.397 108.645
244.449 114.907
235.662 117.198
228.474 117.806
221.829 116.948
212.757 114.236
206.807 108.695
222.442 110.852
228.982 111.737
235.834 111.009
251.744 109.297
235.637 112.011
228.763 112.816
222.114 111.828
