173.251 70.439
175.335 83.2962
178.496 95.2718
181.572 107.646
184.82 119.879
191.095 131.443
199.91 140.913
211.756 147.845
225.88 149.715
239.999 147.233
251.343 139.829
260.858 130.43
268.002 119.283
271.654 106.723
274.044 93.6091
276.467 80.7559
278.481 66.644
179.155 58.5016
184.197 49.3289
193.88 44.0394
205.291 42.3155
216.161 44.3517
234.476 43.664
244.724 40.7486
255.791 41.8643
265.541 46.4564
270.639 55.6422
225.647 59.4395
225.818 68.9097
225.965 78.1086
226.121 87.5188
215.148 97.5278
220.391 99.2839
225.881 100.578
231.364 99.1498
236.752 97.1057
191.279 66.6203
197.43 61.3872
205.08 61.0942
212.45 66.2432
205.316 68.6964
197.407 69.3241
238.693 65.0044
246.033 59.6423
253.764 59.318
259.728 64.0831
254.128 66.9753
246.265 66.8739
207.873 116.714
214.386 111.929
220.556 109.861
225.884 111.516
231.311 109.652
238 111.418
245.046 115.681
238.38 120.248
231.892 122.133
226.148 122.911
220.716 122.611
214.369 120.827
211 116.221
220.79 114.895
226.158 115.491
231.72 114.544
241.689 115.401
231.55 115.428
225.971 116.529
220.677 115.844
