173.332 71.6427
175.128 84.0107
177.854 95.7693
180.995 108.085
184.612 120.527
190.959 131.55
200.2 140.34
211.817 146.005
225.59 147.492
239.632 145.567
251.419 139.586
261.69 131.398
268.905 120.898
272.633 108.59
274.68 95.5692
276.39 83.0315
278.033 69.4878
179.524 58.8318
184.672 50.2649
194.589 46.1958
205.95 44.8134
217.594 45.9506
232.645 44.8508
243.174 42.518
254.442 42.9581
264.684 46.5977
270.17 55.4609
225.418 59.4637
225.566 68.1266
225.686 76.505
225.821 85.3334
214.99 95.5937
220.248 97.1912
225.848 98.4142
231.455 97.2141
236.942 95.4198
191.432 66.1182
197.534 61.2423
205.102 60.9161
212.054 65.8239
205.103 68.068
197.386 68.6646
238.886 64.8079
245.936 59.3619
253.594 59.2044
259.647 63.8281
253.887 66.6516
246.131 66.5745
206.991 115.129
213.685 110.483
220.191 108.488
225.593 110.194
231.221 108.321
237.761 110.168
245.304 115.004
237.953 118.26
231.374 119.42
225.492 120.037
219.942 119.578
213.418 118.07
209.988 114.529
220.232 112.95
225.683 113.559
231.44 112.695
241.8 114.415
231.339 113.46
225.565 114.41
220.138 113.728
