174.492 71.4705
176.492 87.0638
179.94 102.533
184.144 117.475
189.717 131.849
197.187 145.164
205.665 156.934
216.163 164.786
229.319 166.782
242.411 162.691
252.848 152.463
261.65 139.412
268.958 125.981
273.802 111.558
276.138 97.0133
277.426 82.575
278.52 67.6086
180.232 55.7011
185.254 46.4064
194.959 40.9002
206.275 38.8243
217.018 41.0827
234.819 40.1018
244.766 37.2992
255.605 38.7022
265.139 43.5595
270.047 52.7925
226.718 55.7579
226.831 64.3096
226.951 72.6229
227.073 81.2294
216.598 92.9345
221.763 94.5992
227.171 95.8531
232.647 94.2706
237.555 92.1196
192.516 64.0498
198.342 58.2573
206.2 57.7712
213.101 62.7867
206.236 64.9781
198.441 65.693
239.67 61.1979
246.294 55.9978
253.974 55.9994
259.982 60.9499
254.301 62.996
246.706 62.8991
208.472 122.749
212.955 111.105
221.048 106.458
226.711 107.811
232.682 106.066
240.415 109.747
244.641 120.622
240.38 131.086
233.307 136.819
226.909 138.067
220.785 137.875
212.821 133.622
211.147 122.086
221.443 113.505
227.029 113.353
232.984 112.869
241.344 120.182
232.721 128.491
226.599 129.878
220.931 129.468
