175.068 68.9573
177.725 81.8735
181.248 93.7678
183.973 106.058
186.884 118.58
193.259 129.236
202.556 137.564
214.551 142.726
228.423 143.758
242.513 141.351
253.769 135.139
263.257 126.595
269.905 115.9
272.994 103.645
274.885 91.1261
277.028 78.9809
278.793 65.3561
180.342 57.7428
185.287 47.7359
195.321 42.6235
207.04 40.2581
218.38 41.6374
232.276 40.7365
243.183 39.1455
254.757 41.6475
264.746 46.8471
269.901 56.2668
226.661 56.8248
226.957 65.901
227.159 74.6957
227.361 83.8624
216.74 94.0043
222.015 95.4448
227.352 96.5343
232.708 95.4323
237.846 93.8484
192.06 63.6819
197.98 58.6266
205.763 58.4264
213.195 63.6652
206.139 65.7508
198.127 66.4438
239.314 63.1405
246.594 57.7747
254.267 57.9842
260.274 62.9608
254.545 65.3989
246.733 65.1051
210.107 114.322
215.988 108.292
222.194 105.817
227.464 107.387
233.21 105.77
239.801 108.337
246.594 113.979
239.997 116.001
233.365 116.735
227.408 117.19
221.803 116.715
215.654 115.949
213.287 112.952
222.187 110.45
227.619 111.063
233.459 110.377
242.972 112.668
233.288 110.8
227.459 111.466
222.018 110.857
