173.711 70.1957
176.119 82.9446
179.018 94.3361
182.163 106.402
185.434 118.48
191.667 129.296
200.762 138.115
212.521 143.91
226.942 145.428
240.92 143.017
251.894 136.343
261.036 127.71
267.533 117.02
270.729 104.931
272.892 92.1449
274.991 80.0492
276.773 66.7101
179.502 57.0786
184.763 47.3093
194.924 42.6863
206.595 40.5492
218.354 41.4668
231.963 40.926
243.029 39.2095
254.478 41.1719
264.711 45.8394
270.206 55.1712
226.067 57.2045
226.367 66.2099
226.631 74.9714
226.917 83.9409
215.624 94.0928
221.12 95.698
226.805 96.929
232.384 95.5009
237.734 93.5447
191.451 64.1013
197.659 58.8332
205.677 58.7048
212.757 64.1319
205.683 66.56
197.538 67.0843
238.705 63.2978
245.948 57.5264
253.916 57.5495
259.884 62.5753
254.276 65.5416
246.239 65.4738
209.179 114.223
215.727 109.29
221.989 106.962
226.939 108.662
232.382 106.686
238.925 108.823
245.38 113.771
239.181 116.943
232.861 118.66
227.14 119.416
222.086 119.061
215.552 117.531
212.4 113.649
222.123 111.513
227.078 112.061
232.679 111.209
241.947 113.183
232.575 112.522
227.003 113.628
222.046 112.937
