170.828 71.4344
173.157 84.1674
176.495 96.2859
180.112 108.342
183.969 120.663
190.564 131.516
200.124 139.517
211.941 144.157
225.642 144.763
239.636 142.308
251.215 136.353
261.296 128.54
268.34 118.071
270.989 105.636
272.238 92.8193
273.569 80.8032
274.567 67.6713
176.161 56.2203
180.057 45.5467
189.604 38.8664
200.993 37.1567
212.172 39.4716
230.598 38.2105
240.672 34.3478
251.83 34.6936
261.915 40.2437
266.356 50.5791
222.219 55.0257
222.513 63.8135
222.835 72.3212
223.086 81.0884
212.749 92.5384
217.96 93.8707
223.293 94.7846
228.776 93.476
234.076 91.7832
188.499 64.7781
194.154 59.5705
201.507 59.1196
208.783 63.5723
202.072 66.0591
194.392 66.9293
235.711 61.8279
242.776 56.5387
250.309 56.4726
256.05 61.2208
250.565 63.7439
242.959 63.7333
204.645 112.004
211.99 107.265
218.23 104.909
223.09 106.182
228.463 104.397
235.422 106.314
243.519 109.741
235.994 113.621
229.284 114.78
223.713 115.574
218.692 115.397
212.188 114.618
207.995 111.583
218.518 109.039
223.431 109.447
228.973 108.546
239.949 109.911
228.849 109.041
223.328 110.006
218.51 109.702
