173.266 69.6245
174.319 82.2686
176.195 94.1593
178.629 106.088
182.061 118.417
188.828 129.501
198.565 138.778
210.963 145.336
225.36 147.274
240.266 145.192
252.889 138.737
263.453 130.288
271.72 119.856
275.697 107.7
277.271 94.3511
278.167 81.7923
278.943 67.896
178.078 60.4717
183.259 50.1842
193.682 43.983
205.889 41.6538
217.219 44.4009
234.65 43.4293
245.42 40.3076
257.102 41.6175
267.232 47.194
271.73 57.6549
226.404 59.0284
226.45 69.0769
226.391 78.723
226.296 88.6838
212.329 94.8834
218.999 96.9589
225.797 99.0364
232.657 97.2307
239.354 95.3481
190.564 64.9581
196.936 60.8787
203.969 60.8451
211.53 65.2392
204.206 65.9318
196.889 66.2048
239.837 64.8459
247.404 59.9204
254.577 59.8793
261 64.1524
254.728 65.6075
247.298 65.6542
200.38 108.149
210.076 106.347
218.372 105.813
224.934 107.456
231.734 105.995
240.609 106.75
251.183 108.024
240.394 112.127
231.623 113.689
224.613 114.198
217.788 113.601
209.701 111.721
204.124 108.453
218.085 109.607
224.901 110.406
231.808 109.647
247.548 108.575
231.716 108.889
224.83 109.557
218.01 108.78
