173.942 69.8024
175.871 82.4311
178.671 93.7898
181.692 105.829
184.832 118.155
190.974 129.263
200.298 138.355
211.913 144.55
226.132 146.51
240.293 144.331
251.481 137.856
260.969 129.127
268.06 118.374
271.681 106.34
274.097 93.4897
276.284 81.1227
277.842 67.4693
179.92 56.7336
185.119 47.1175
195.091 42.5802
206.723 40.4516
218.149 41.6954
232.004 40.9429
242.745 39.0948
254.08 41.3354
264.062 45.8311
269.572 54.7045
226.032 57.4606
226.224 66.5105
226.331 75.2839
226.46 84.3053
215.541 94.4561
220.998 96.0867
226.568 97.3595
232.276 95.9826
237.683 93.9192
191.541 64.3103
197.477 58.7686
205.385 58.4818
212.697 64.0994
205.566 66.4129
197.404 67.0674
238.818 63.268
246.016 57.4475
253.835 57.4181
259.669 62.4796
254.192 65.3724
246.156 65.2472
208.65 114.534
215.29 109.686
221.654 107.306
226.724 108.934
232.051 107.085
238.706 109.071
245.665 113.703
238.97 117.625
232.54 119.392
226.84 120.114
221.611 119.753
215.033 118.172
211.954 114.043
221.849 112.165
226.899 112.693
232.381 111.91
242.189 113.356
232.186 112.576
226.695 113.529
221.655 112.927
