172.836 70.5992
174.124 83.3128
176.32 95.331
178.947 107.226
182.573 119.458
189.556 130.104
199.1 138.542
211.241 144.398
225.429 146.202
239.718 144.237
251.965 138.095
262.25 130.139
270.392 119.83
274.44 107.448
275.707 94.0959
276.753 81.5943
277.886 67.8398
177.568 61.2571
182.575 50.4888
193.193 44.2346
205.37 41.9331
216.726 44.8558
233.887 43.5993
244.618 40.3811
256.203 41.4343
266.592 46.8614
271.159 57.5138
225.743 58.6963
225.836 68.7153
225.845 78.3656
225.841 88.3992
212.492 95.2967
218.929 97.057
225.449 98.7564
232.044 97.1015
238.577 95.4686
189.994 65.7194
196.396 61.1015
203.654 60.8996
211.058 65.7077
203.891 66.733
196.382 67.0753
239.415 64.812
246.777 59.4278
254.143 59.2431
260.547 63.8622
254.457 65.5367
246.858 65.6636
200.75 108.824
210.585 106.736
218.443 105.997
224.771 107.647
231.439 106.055
240.265 106.974
250.574 108.292
240.191 112.42
231.578 113.748
224.655 114.309
218.051 113.75
210.233 112.135
204.653 109.056
218.278 110.006
224.832 110.762
231.636 109.884
246.844 108.732
231.496 108.822
224.713 109.601
218.197 108.803
