173.814 66.9575
176.132 82.2123
179.467 97.5072
183.381 112.364
188.877 126.736
195.794 140.184
204.593 152.375
215.474 160.124
229.255 162.271
243.449 158.634
254.336 149.362
263.86 136.772
271.109 123.4
275.439 109.052
277.405 93.9254
278.448 78.7561
279.722 63.502
179.357 56.7334
184.432 47.843
194.262 42.9753
205.799 41.4801
216.768 43.5042
232.901 42.1738
243.13 38.6666
254.16 39.1474
264.391 43.0793
270.37 51.6031
225.407 54.9416
225.58 62.7446
225.726 70.6416
225.839 79.094
215.843 89.9661
221.006 91.5941
226.556 92.9996
232.214 91.3231
237.293 89.1111
191.256 62.5627
197.25 57.9236
204.729 57.4809
211.944 61.3334
205.017 63.0437
197.375 63.7288
239.697 59.8908
246.424 55.4976
253.866 55.2487
260.205 59.2834
254.306 61.1909
246.835 61.1294
207.574 118.686
212.567 108.012
220.696 103.297
226.526 104.627
232.43 102.879
240.355 106.899
245.842 117.202
240.733 129.77
233.338 135.276
226.927 136.224
220.593 135.958
212.527 131.102
209.856 117.785
221.023 108.738
226.83 108.581
232.807 108.216
242.711 116.788
232.621 127.292
226.49 128.613
220.547 128.166
