175.687 69.873
178.68 82.3652
181.975 93.6986
184.564 106.043
187.139 118.473
193.47 128.87
202.888 136.664
214.825 141.553
228.457 142.511
242.439 141.153
254.362 136.408
264.123 128.512
270.889 118.197
273.895 106.227
276.037 93.672
277.863 81.2972
279.456 67.5352
180.857 57.224
185.632 47.5754
195.654 42.4415
207.274 40.3889
218.424 41.9558
232.745 41.1724
243.431 39.1878
254.957 41.5691
264.974 46.6015
270.279 55.9295
226.71 57.6043
226.981 66.4614
227.184 75.1605
227.386 84.0907
217.345 94.133
222.558 95.5377
227.789 96.528
232.902 95.473
237.919 93.9287
192.586 64.1527
198.291 58.6269
206.279 58.4267
213.86 64.2036
206.557 66.2974
198.475 67.0699
239.44 63.4977
246.446 57.4264
254.338 57.5154
260.714 62.766
254.922 65.3588
246.931 65.2871
211.357 114.457
217.24 108.876
222.991 106.388
228.047 107.996
233.443 106.327
239.859 108.743
246.634 114.119
240.176 115.604
233.968 116.06
228.392 116.455
223.142 115.952
217.189 115.427
214.594 113.283
223.084 110.855
228.278 111.392
233.782 110.906
243 113.136
233.64 110.318
228.165 110.874
222.989 110.262
