173.126 71.1137
175.248 84.7155
178.605 98.0274
182.016 111.432
186.045 124.527
192.894 136.187
202.227 145.159
214.15 151.457
227.972 152.864
242.303 150.02
254.687 142.788
265.54 134.041
273.112 123.032
276.926 109.956
278.899 96.272
280.567 82.8009
282.344 68.5823
179.528 57.1245
184.372 47.8517
193.855 43.1859
204.725 42.6967
214.647 45.94
236.102 44.5677
245.622 41.4243
255.959 42.1562
265.183 46.7772
270.165 55.1167
225.983 64.2295
226.178 74.5341
226.341 84.4215
226.492 94.3743
216.085 103.668
221.249 105.364
226.72 106.72
232.095 105.244
237.007 103.252
191.285 69.4665
197.28 63.2836
205.603 63.6664
212.838 70.5407
205.542 73.1833
196.915 73.4296
239.153 69.4
245.629 62.0319
253.947 61.6478
260.332 67.304
254.804 71.1686
246.513 71.6366
208.452 122.552
215.813 117.905
222.045 115.792
226.557 117.18
231.717 115.369
238.456 116.931
246.063 120.519
238.898 125.034
232.383 127.005
226.914 127.572
222.051 127.533
215.642 126.068
211.965 122.268
222.135 120.947
226.776 121.301
232.042 120.481
242.339 120.612
231.969 120.669
226.71 121.655
222.064 121.232
