173.064 78.8029
175.754 92.6959
179.494 106.275
183.36 119.477
187.733 132.901
195.079 144.765
204.565 154.161
217.201 161.09
231.332 162.685
246.048 159.919
258.894 152.304
270.113 143.066
278.092 132.063
282.501 119.255
284.437 105.65
285.845 92.0919
287.234 77.4728
178.928 65.9112
184.61 56.176
195.499 51.8232
207.286 51.1832
218.684 53.5619
235.45 52.2941
246.34 49.9062
257.669 51.0292
267.925 55.7743
273.669 64.9185
227.754 72.8958
227.969 84.1944
228.155 95.0407
228.463 105.956
216.937 113.6
222.664 115.805
228.525 117.373
234.168 115.564
239.446 113.254
192.515 76.8319
198.597 71.2826
207.005 71.9284
213.877 78.6222
206.437 80.6769
198.007 80.6556
240.647 78.1105
247.28 71.0106
255.864 70.5229
262.329 75.6326
256.736 79.2448
248.26 79.9546
209.266 130.502
217.67 127.455
223.694 126.071
228.238 127.226
233.488 125.601
240.551 126.422
248.837 128.418
241.276 133.217
234.583 134.61
229.247 135.342
224.366 135.291
217.932 134.548
212.709 130.532
223.871 130.021
228.486 130.447
233.898 129.453
245.463 128.819
234.157 129.653
228.821 130.477
224.109 130.103
