173.489 71.0535
175.587 84.5301
179.209 97.5166
182.953 110.67
186.97 123.206
193.55 134.412
202.527 143.304
213.771 149.419
226.798 150.681
239.986 148.142
251.274 141.33
261.599 132.945
269.095 122.22
273.174 109.72
275.385 96.5352
277.082 83.7649
278.892 70.0495
179.331 56.7516
184.072 46.6028
193.526 41.419
204.603 40.744
214.802 43.842
237.064 42.5471
246.796 39.5599
256.986 40.4378
265.836 45.5694
269.806 55.2989
226.123 61.8677
226.33 71.9577
226.533 81.7074
226.759 91.4858
216.105 101.023
221.23 102.829
226.829 104.145
232.187 102.56
237.291 100.418
190.981 67.6475
197.047 61.1939
205.564 61.2726
212.923 68.4656
205.734 71.2119
196.845 71.6134
238.75 67.5263
245.682 59.9127
254.175 59.6393
260.051 65.7239
255.03 69.6578
246.479 69.9349
208.778 120.066
216.131 115.546
222.392 113.581
226.707 115.08
231.775 113.235
238.545 114.927
245.65 118.634
238.891 123.158
232.394 125.157
227.001 125.716
222.374 125.612
215.826 123.83
212.113 119.714
222.491 118.131
226.894 118.634
232.122 117.742
242.296 118.526
232.14 118.819
226.955 119.777
222.508 119.209
