182.065 64.3741
183.621 77.2946
185.79 89.3889
188.189 101.41
190.974 113.752
197.364 124.738
206.593 133.469
218.35 139.536
232.366 141.646
246.423 140.014
257.63 133.728
266.746 125.229
273.653 114.872
277.303 102.985
280.287 90.7082
282.879 78.7568
285.052 66.0107
188.788 54.1489
194.512 44.4541
205.12 39.0358
217.49 37.3388
228.564 40.7322
244.368 40.5992
254.844 37.7457
266.088 39.2901
275.832 44.4846
279.859 54.7711
236.491 54.9066
236.463 64.1609
236.397 73.0998
236.329 82.4084
223.601 91.2333
229.433 93.1472
235.183 94.6166
241.079 93.6796
246.647 91.9726
200.657 61.7127
207.399 57.5617
214.776 57.5244
222.229 61.9438
214.905 63.4094
207.157 63.7772
248.325 62.1173
256.263 57.7428
263.637 57.9894
269.547 62.23
263.595 64.2314
255.938 63.8824
213.34 108.532
221.517 104.598
228.6 102.79
233.78 104.598
239.538 103.246
246.462 105.761
253.921 109.733
245.891 113.675
238.79 115.039
232.856 115.386
227.391 114.547
220.61 112.394
216.816 108.34
228.228 107.371
233.615 108.2
239.416 107.832
250.179 109.547
239.072 108.475
233.312 109.038
227.935 108.105
