173.137 73.0576
175.586 85.4607
178.831 97.0378
182.066 108.984
185.708 120.932
192.248 131.476
201.274 139.875
212.896 145.496
226.341 146.978
239.942 145.026
251.326 138.812
261.097 130.954
268.265 120.974
271.803 109.03
273.552 96.3723
275.278 84.1352
277.207 70.7284
179.276 57.7671
184.396 48.5714
194.053 43.2554
205.389 41.6369
216.324 43.9259
234.976 42.9446
244.868 39.4131
255.738 39.9009
265.548 44.6329
270.162 54.3475
226.025 59.3968
226.138 68.4025
226.266 77.2043
226.329 86.2517
215.586 96.1872
220.891 97.6985
226.473 98.9873
231.756 97.7098
236.951 95.8897
191.846 67.3304
197.835 62.1479
205.431 61.721
212.197 66.4853
205.457 69.0733
197.842 69.7195
239.446 65.53
246.408 60.3216
253.936 60.206
259.596 64.942
254.091 67.5886
246.566 67.5035
206.888 115.427
213.993 110.727
220.532 108.804
225.824 110.418
231.299 108.689
238.075 110.612
245.531 115.153
238.346 118.621
231.648 119.606
225.857 120.091
220.389 119.676
213.707 118.183
209.984 114.978
220.634 113.503
226.038 114.15
231.637 113.349
242.127 114.883
231.375 113.819
225.769 114.585
220.475 113.917
