1.502120e+00
1.102546e+00
-4.715841e-02
4.533281e+00
1.802438e+00
-2.654413e+00
4.566239e+00
7.170192e+00
2.791271e+01
1.463686e+01
3.757922e-01
6.895778e-01
5.111506e+00
1.105922e+01
-3.665226e-01
-5.875629e-03
0
0
0
0
0
0
1.672286e+00
0
0
1.391079e+00
2.632285e+00
4.753588e+00
1.135217e+00
2.463951e+00
2.027237e+00
4.508493e-01
3.426043e+00
0
0
-1.153788e+01
3.108274e+00
0
0
-3.628166e-01
-8.197367e-01
5.323932e+00
1.093411e+01
0
0
0
0
0
0
0
1.306940e-01
5.159180e-02
-7.684510e-03
9.957200e-02
2.803290e-01
-9.547260e-01
-1.589330e-01
2.887880e-01
-9.441090e-01