1.617192e+01
1.730445e+01
6.802647e+01
6.139039e+01
6.753163e+01
4.281499e+01
2.744861e+01
-2.553466e+00
7.390064e+01
3.115623e+01
5.142440e+01
2.416094e+01
4.386796e+00
5.781755e+01
4.563136e+01
2.591549e+01
0
0
0
0
0
0
2.527409e+00
0
0
1.514832e+01
4.693847e+00
1.633383e+01
5.028936e+01
2.169738e+01
4.778800e+01
1.604741e+01
2.460208e+01
0
0
2.974451e+01
4.247047e+01
0
0
1.985650e-01
2.861529e+01
6.421264e+01
6.249400e+01
0
0
0
0
0
0
0
1.342490e-01
6.317460e-02
-2.122610e-01
1.433010e-01
2.448710e-01
-9.589070e-01
-1.080400e-01
2.999730e-01
-9.478100e-01