1.989365e+00
1.026864e+01
9.545212e-02
8.430080e+00
9.608624e+00
1.205514e+00
5.291072e-02
8.341233e+00
3.533763e+01
1.126525e+01
2.549901e+00
1.814092e+00
6.594729e+00
1.918649e+00
1.603751e+00
3.300860e+00
0
0
0
0
0
0
1.345148e+00
0
0
1.643377e+00
3.195781e+00
3.148429e+00
1.533724e+00
2.463951e+00
2.027237e+00
1.482415e+00
2.920517e+00
0
0
-1.734410e+01
8.178599e+00
0
0
4.523310e+00
2.462287e+00
2.073882e+00
8.508486e+00
0
0
0
0
0
0
0
7.779270e-02
6.016410e-02
-2.743880e-02
1.106570e-01
2.736330e-01
-9.554480e-01
-1.499920e-01
2.895960e-01
-9.453230e-01