2.108578e+00
1.940960e+00
1.587664e+00
8.674860e+00
4.371054e+00
1.024327e+00
1.397644e+00
1.262905e+00
1.184987e+01
9.104613e+00
1.548386e+00
1.744509e+00
4.097873e+00
1.223121e+01
2.590635e+00
3.299335e+00
0
0
0
0
0
0
1.089712e+00
0
0
1.391079e+00
1.617863e+00
6.358937e+00
-3.054417e-03
1.227348e+00
1.733438e+00
9.722136e-01
2.504525e+00
0
0
-3.265710e+00
2.499724e+00
0
0
7.125658e+00
4.143794e+00
2.244541e+00
5.408547e+00
0
0
0
0
0
0
0
1.525020e-01
5.225000e-02
-9.346820e-03
9.881790e-02
2.695600e-01
-9.579000e-01
-1.629680e-01
2.751210e-01
-9.474970e-01