9.549599e+00
2.570698e+00
1.454299e+01
8.797917e+00
7.902495e+00
2.199461e+00
6.123102e+00
9.627346e+00
7.689338e+00
1.236243e+01
1.484363e+00
1.744509e+00
5.153455e+00
3.222928e+00
1.850915e+01
5.753077e+00
0
0
0
0
0
0
3.796900e+00
0
0
1.391079e+00
7.335869e+00
6.429750e+00
-3.054417e-03
1.227348e+00
1.733438e+00
2.343274e+00
4.667859e+00
0
0
-3.980642e+00
7.891885e+00
0
0
1.013300e+01
7.050192e+00
6.598022e+00
2.790737e+01
0
0
0
0
0
0
0
1.259020e-01
4.250980e-02
3.113910e-02
7.762430e-02
2.973830e-01
-9.515970e-01
-1.884850e-01
2.894670e-01
-9.384470e-01