1.617192e+01
1.457470e+01
7.312725e+01
5.411706e+01
6.753163e+01
4.281499e+01
2.744861e+01
-2.553466e+00
7.390064e+01
3.233185e+01
5.142440e+01
2.416094e+01
5.517832e+00
5.781755e+01
4.563136e+01
2.591549e+01
0
0
0
0
0
0
2.527409e+00
0
0
1.514832e+01
3.362210e+00
1.633383e+01
5.028936e+01
2.169738e+01
4.778800e+01
1.604741e+01
2.569742e+01
0
0
2.858650e+01
4.592969e+01
0
0
1.985650e-01
2.861529e+01
6.421264e+01
6.249400e+01
0
0
0
0
0
0
0
1.519940e-01
6.385360e-02
-2.161990e-01
1.473910e-01
2.395440e-01
-9.596320e-01
-1.036860e-01
3.003560e-01
-9.481750e-01