1.208480e+01
1.133239e+01
1.902753e+01
3.236007e+01
1.491398e+01
1.643226e+01
-8.514699e-01
5.236599e-01
4.196583e+01
6.806286e+00
1.347568e+00
-1.733081e+00
6.628636e+00
2.719846e+01
6.668503e+00
1.470899e+01
0
0
0
0
0
0
1.277754e+00
0
0
7.321066e+00
4.010462e+00
1.633383e+01
3.279396e+00
1.476571e+00
2.253400e+01
0
1.038976e+00
0
0
-1.565991e+01
1.080943e+01
0
0
1.985650e-01
1.209512e+01
2.052612e+01
5.704803e+01
0
0
0
0
0
0
0
1.295930e-01
5.941660e-02
-7.874300e-02
1.323820e-01
2.500900e-01
-9.591300e-01
-1.233920e-01
2.978160e-01
-9.466150e-01