5.014111e-01
1.102546e+00
-4.715841e-02
4.533281e+00
1.802438e+00
-2.654413e+00
-2.054686e+00
6.074052e+00
6.445468e+01
1.682791e+01
2.955862e+00
1.744509e+00
7.344364e+00
1.105922e+01
-3.665226e-01
-5.875629e-03
0
0
0
0
0
0
1.672286e+00
0
0
1.391079e+00
2.632285e+00
2.727009e+00
1.135217e+00
1.227348e+00
2.027237e+00
4.508493e-01
3.426043e+00
0
0
-1.204450e+01
5.512296e+00
0
0
-3.628166e-01
-8.197367e-01
6.688205e+00
1.093411e+01
0
0
0
0
0
0
0
1.691300e-01
5.710310e-02
-1.478920e-02
1.091060e-01
2.781780e-01
-9.543130e-01
-1.712530e-01
2.849090e-01
-9.431330e-01