4.841072e+00
8.384051e+00
3.242485e+00
7.204492e+00
2.552119e+01
3.429568e+00
1.007899e+01
2.545453e+01
7.217747e+01
5.048288e+01
2.568056e+00
3.379833e+00
2.351486e+01
2.563823e+01
1.236545e+01
4.236839e+00
0
0
0
0
0
0
1.550632e+01
0
0
1.643377e+00
9.894767e+00
3.148429e+00
1.533724e+00
1.170947e+01
2.027237e+00
3.702735e+00
4.882694e+01
0
0
4.613621e+01
3.953546e+01
0
0
6.825846e+00
1.187259e+00
2.073882e+00
4.366133e+01
0
0
0
0
0
0
0
-6.911750e-02
9.571900e-02
-8.012210e-02
1.197730e-01
2.866310e-01
-9.505250e-01
-1.168480e-01
3.127900e-01
-9.426080e-01