4.263459e+00
5.523142e+00
1.587664e+00
1.132027e+01
1.048998e+01
2.070607e+00
5.069388e+00
7.950000e+00
1.286227e+01
4.710597e+00
1.548386e+00
1.744509e+00
5.113618e+00
4.931684e+00
3.669798e+00
5.533186e+00
0
0
0
0
0
0
1.089712e+00
0
0
1.391079e+00
1.617863e+00
4.108687e+00
-3.054417e-03
1.227348e+00
1.733438e+00
1.975754e+00
2.504525e+00
0
0
-4.526972e+00
2.499724e+00
0
0
9.921626e+00
4.143794e+00
2.244541e+00
7.493224e+00
0
0
0
0
0
0
0
1.277570e-01
5.064520e-02
-1.243940e-02
1.009650e-01
2.741410e-01
-9.563750e-01
-1.629000e-01
2.796020e-01
-9.461960e-01