1.089125e+01
1.730445e+01
6.544030e+01
6.612048e+01
6.753163e+01
4.064055e+01
2.744861e+01
-2.553466e+00
7.282152e+01
2.737291e+01
4.418241e+01
2.284089e+01
4.386796e+00
5.781755e+01
4.563136e+01
2.591549e+01
0
0
0
0
0
0
2.527409e+00
0
0
1.514832e+01
4.693847e+00
1.633383e+01
5.028936e+01
2.169738e+01
4.778800e+01
1.604741e+01
2.022259e+01
0
0
2.825436e+01
3.844094e+01
0
0
1.985650e-01
2.717196e+01
6.082203e+01
6.249400e+01
0
0
0
0
0
0
0
1.178350e-01
6.317460e-02
-2.039340e-01
1.430030e-01
2.511350e-01
-9.573300e-01
-1.086490e-01
3.038500e-01
-9.465040e-01