2.133393e+01
2.978566e+00
3.027792e+01
3.368001e+01
5.794434e+00
3.496295e+00
-1.917409e+00
1.482151e+01
1.941544e+01
3.441524e+01
3.639298e+00
1.744509e+00
7.397111e+00
2.174323e+01
1.860823e+01
3.299335e+00
0
0
0
0
0
0
3.713621e+01
0
0
1.391079e+00
1.450945e+01
2.644931e+01
-3.054417e-03
1.227348e+00
1.733438e+00
3.166561e+00
1.473774e+01
0
0
4.368475e+01
5.803606e+00
0
0
4.473657e+01
2.498435e+01
4.325351e+00
3.781203e+01
0
0
0
0
0
0
0
7.110010e-02
3.740090e-02
-2.038620e-02
1.151860e-01
2.545910e-01
-9.601640e-01
-1.778020e-01
2.654830e-01
-9.475790e-01