1.067277e+01
2.570698e+00
1.454299e+01
9.837380e+00
7.902495e+00
2.199461e+00
6.123102e+00
9.627346e+00
1.215934e+01
1.540669e+01
1.484363e+00
1.744509e+00
5.153455e+00
5.319165e+00
1.991379e+01
5.753077e+00
0
0
0
0
0
0
5.061483e+00
0
0
1.391079e+00
8.545264e+00
7.451475e+00
-3.054417e-03
1.227348e+00
1.733438e+00
2.343274e+00
4.667859e+00
0
0
-2.012186e+00
6.853724e+00
0
0
1.183113e+01
7.050192e+00
6.598022e+00
2.921198e+01
0
0
0
0
0
0
0
1.264840e-01
4.416070e-02
2.244870e-02
7.571850e-02
2.961560e-01
-9.521340e-01
-1.895350e-01
2.880040e-01
-9.386850e-01