1.073035e+01
1.102546e+00
4.555532e+01
6.934808e+00
1.605803e+01
-2.654413e+00
7.267166e+00
-8.266793e-01
2.440281e+00
1.996964e+01
3.757922e-01
-1.893351e+00
3.774608e+00
1.544726e+01
6.516769e-01
-1.056454e+00
0
0
0
0
0
0
2.784615e+00
0
0
1.391079e+00
2.171273e+01
5.926241e+00
7.597512e+00
2.463951e+00
2.027237e+00
4.508493e-01
1.015781e+01
0
0
2.849184e+00
8.997426e+00
0
0
-3.628166e-01
-8.197367e-01
6.453646e+00
3.151339e+01
0
0
0
0
0
0
0
1.840560e-01
2.627320e-02
9.199460e-02
8.762790e-02
3.067000e-01
-9.477640e-01
-1.862290e-01
2.970290e-01
-9.365320e-01