1.989365e+00
7.749132e+00
9.545212e-02
8.430080e+00
8.300260e+00
1.205514e+00
5.291072e-02
7.110696e+00
3.390859e+01
9.629699e+00
2.549901e+00
7.951562e-01
6.594729e+00
1.918649e+00
5.643189e-01
2.091924e+00
0
0
0
0
0
0
1.345148e+00
0
0
1.643377e+00
2.148878e+00
3.148429e+00
1.533724e+00
2.463951e+00
2.027237e+00
1.482415e+00
2.920517e+00
0
0
-1.849787e+01
6.877988e+00
0
0
3.464960e+00
2.462287e+00
2.073882e+00
8.508486e+00
0
0
0
0
0
0
0
7.779270e-02
5.610960e-02
-2.907310e-02
1.074470e-01
2.759160e-01
-9.551570e-01
-1.515390e-01
2.901450e-01
-9.449080e-01