2.108578e+00
1.940960e+00
1.587664e+00
7.613401e+00
3.350516e+00
-6.762759e-02
-6.902144e-01
1.262905e+00
2.196736e+01
1.359060e+01
1.548386e+00
1.744509e+00
5.162217e+00
1.550976e+01
2.590635e+00
3.299335e+00
0
0
0
0
0
0
1.089712e+00
0
0
1.391079e+00
2.730940e+00
6.358937e+00
-3.054417e-03
1.227348e+00
1.733438e+00
9.722136e-01
2.504525e+00
0
0
-1.587779e+00
2.499724e+00
0
0
6.005336e+00
4.143794e+00
2.244541e+00
5.408547e+00
0
0
0
0
0
0
0
1.505420e-01
5.225000e-02
-1.143570e-02
9.751450e-02
2.742540e-01
-9.567010e-01
-1.603560e-01
2.831110e-01
-9.455860e-01