9.334160e+00
-1.037618e+00
1.437852e+01
3.564674e+01
8.846519e+00
-1.102392e+00
-3.613059e+00
3.489966e+00
2.179250e+01
2.598618e+01
6.792553e+00
1.744509e+00
1.420606e+01
1.355836e+01
-3.665226e-01
-5.875629e-03
0
0
0
0
0
0
1.754112e+00
0
0
1.391079e+00
2.632285e+00
1.678557e+00
1.135217e+00
1.227348e+00
2.027237e+00
1.200980e+01
3.426043e+00
0
0
-6.619933e+00
4.408041e+00
0
0
9.458909e-01
2.630634e+00
4.991599e+00
1.149315e+01
0
0
0
0
0
0
0
2.743810e-01
5.608380e-02
-2.697840e-02
8.744880e-02
2.598210e-01
-9.616890e-01
-1.660210e-01
2.682130e-01
-9.489460e-01