2.108578e+00
1.940960e+00
1.587664e+00
1.015436e+01
3.350516e+00
-6.762759e-02
-1.917409e+00
3.868905e+00
2.318940e+01
4.235943e+01
1.548386e+00
1.744509e+00
6.379436e+00
3.833460e+01
2.590635e+00
3.299335e+00
0
0
0
0
0
0
2.788381e+01
0
0
1.391079e+00
3.946927e+00
6.358937e+00
-3.054417e-03
1.227348e+00
1.733438e+00
9.722136e-01
6.318243e+00
0
0
2.934083e+01
3.556791e+00
0
0
1.442089e+01
4.143794e+00
2.244541e+00
8.151360e+00
0
0
0
0
0
0
0
1.361320e-01
5.059200e-02
-2.145010e-02
9.999270e-02
2.739570e-01
-9.565300e-01
-1.694240e-01
2.813860e-01
-9.445200e-01