1.989365e+00
1.153142e+01
9.545212e-02
8.430080e+00
1.541978e+01
2.311720e+00
9.365314e+00
2.423734e+01
4.931578e+01
2.488561e+01
2.549901e+00
1.814092e+00
7.608875e+00
5.343978e+00
1.238318e+01
8.482513e+00
0
0
0
0
0
0
3.992225e+00
0
0
1.643377e+00
3.195781e+00
3.148429e+00
1.533724e+00
4.779859e+00
2.027237e+00
2.521402e+00
3.991748e+00
0
0
-4.233544e+00
9.283628e+00
0
0
6.646455e+00
3.590985e+00
2.073882e+00
1.313262e+01
0
0
0
0
0
0
0
7.458110e-02
7.089600e-02
-3.547050e-02
1.108340e-01
2.769320e-01
-9.544760e-01
-1.483200e-01
2.921860e-01
-9.447900e-01