4.263459e+00
2.623598e+00
3.795510e+00
2.092248e+01
1.869149e+01
4.104631e+00
6.368657e+00
1.240544e+01
2.549591e+01
2.315779e+00
4.387769e+00
1.744509e+00
5.113618e+00
9.861881e+00
2.812290e+01
1.205416e+01
0
0
0
0
0
0
7.704559e+00
0
0
1.391079e+00
1.617863e+00
2.776102e+00
-3.054417e-03
1.227348e+00
1.007476e+01
5.465521e+00
3.634719e+00
0
0
-3.167780e+00
2.499724e+00
0
0
2.243800e+01
2.274459e+01
2.244541e+00
8.656327e+00
0
0
0
0
0
0
0
1.277570e-01
4.466700e-02
-1.504690e-02
1.023170e-01
2.800530e-01
-9.545160e-01
-1.638960e-01
2.862640e-01
-9.440290e-01