4.263459e+00
4.082653e+00
2.638049e+00
1.476443e+01
1.410678e+01
3.085513e+00
6.368657e+00
7.950000e+00
1.862306e+01
4.710597e+00
1.548386e+00
1.744509e+00
5.113618e+00
4.931684e+00
7.597280e+00
6.579390e+00
0
0
0
0
0
0
2.095694e+00
0
0
1.391079e+00
1.617863e+00
4.108687e+00
-3.054417e-03
1.227348e+00
1.733438e+00
1.975754e+00
2.504525e+00
0
0
-4.138043e+00
2.499724e+00
0
0
1.342980e+01
7.672450e+00
2.244541e+00
7.493224e+00
0
0
0
0
0
0
0
1.277570e-01
4.736140e-02
-1.384780e-02
1.021380e-01
2.748770e-01
-9.560390e-01
-1.631660e-01
2.804990e-01
-9.458840e-01