5.014111e-01
-1.037618e+00
-4.715841e-02
4.533281e+00
1.802438e+00
-2.654413e+00
-2.054686e+00
6.074052e+00
6.918785e+01
1.944677e+01
6.373132e+00
1.744509e+00
2.062124e+01
2.195700e+01
-3.665226e-01
-5.875629e-03
0
0
0
0
0
0
1.672286e+00
0
0
1.391079e+00
2.632285e+00
2.727009e+00
1.135217e+00
1.227348e+00
2.027237e+00
4.508493e-01
3.426043e+00
0
0
-9.072386e+00
5.512296e+00
0
0
-3.628166e-01
-8.197367e-01
7.736247e+00
2.053011e+01
0
0
0
0
0
0
0
2.079940e-01
5.731650e-02
-1.867790e-02
1.086060e-01
2.836710e-01
-9.527520e-01
-1.711910e-01
2.886690e-01
-9.420000e-01