2.242498e+00
4.542793e+00
1.994946e+00
1.273211e+01
4.780789e+00
2.213289e+00
-2.444461e+00
2.136157e+00
1.025194e+01
5.726160e+00
1.750419e+00
1.744509e+00
4.084297e+00
4.044783e+00
6.364120e-01
1.071393e+00
0
0
0
0
0
0
1.754112e+00
0
0
1.391079e+00
2.632285e+00
3.836659e+00
1.135217e+00
1.227348e+00
2.027237e+00
1.959420e+00
2.421765e+00
0
0
-7.380059e+00
4.603519e+00
0
0
1.160618e+01
4.427255e+00
2.244541e+00
6.039065e+00
0
0
0
0
0
0
0
1.398500e-01
5.274030e-02
-1.294610e-02
1.006640e-01
2.702210e-01
-9.575210e-01
-1.625470e-01
2.768780e-01
-9.470570e-01