2.133393e+01
5.422124e+00
3.600064e+01
3.478644e+01
6.803349e+00
4.773410e+00
-1.917409e+00
1.482151e+01
1.941544e+01
2.593577e+01
3.639298e+00
1.744509e+00
6.359799e+00
1.717510e+01
1.685748e+01
3.299335e+00
0
0
0
0
0
0
3.277598e+01
0
0
1.391079e+00
1.450945e+01
2.644931e+01
-3.054417e-03
1.227348e+00
1.733438e+00
3.166561e+00
1.206611e+01
0
0
4.351933e+01
6.853724e+00
0
0
4.777339e+01
2.793431e+01
4.325351e+00
3.781203e+01
0
0
0
0
0
0
0
7.645440e-02
3.771800e-02
-2.057120e-02
1.157690e-01
2.544850e-01
-9.601220e-01
-1.784320e-01
2.649560e-01
-9.476080e-01