2.497268e+00
2.076119e+01
7.487729e-01
2.248940e+01
4.005067e+01
5.041397e+00
1.126611e+01
4.146494e+01
7.013191e+01
3.271536e+01
2.448962e+00
1.578819e+00
1.173397e+01
1.688392e+01
7.294151e+00
1.295877e+01
0
0
0
0
0
0
2.527409e+00
0
0
1.643377e+00
3.674723e+00
5.248767e+00
1.026595e+01
2.169738e+01
2.027237e+00
3.702735e+00
1.809128e+01
0
0
2.390561e+01
3.629002e+01
0
0
2.440552e+00
6.382015e+00
2.073882e+00
4.155819e+01
0
0
0
0
0
0
0
-1.453840e-02
9.488010e-02
-8.203250e-02
1.218210e-01
2.934560e-01
-9.481790e-01
-1.128290e-01
3.232210e-01
-9.395730e-01