1.989365e+00
1.153142e+01
9.545212e-02
8.430080e+00
1.403669e+01
1.205514e+00
1.054128e+00
1.190873e+01
4.305347e+01
1.634276e+01
2.549901e+00
1.814092e+00
6.594729e+00
3.006468e+00
4.980842e+00
5.973928e+00
0
0
0
0
0
0
1.345148e+00
0
0
1.643377e+00
3.195781e+00
3.148429e+00
1.533724e+00
4.779859e+00
2.027237e+00
1.482415e+00
2.920517e+00
0
0
-1.413995e+01
8.178599e+00
0
0
5.567586e+00
2.462287e+00
2.073882e+00
8.508486e+00
0
0
0
0
0
0
0
7.932440e-02
6.406740e-02
-2.768240e-02
1.116000e-01
2.755160e-01
-9.547960e-01
-1.502380e-01
2.914070e-01
-9.447280e-01