2.497268e+00
2.470992e+01
7.487729e-01
2.405915e+01
4.005067e+01
5.041397e+00
1.126611e+01
4.322230e+01
7.013191e+01
2.974149e+01
2.448962e+00
1.578819e+00
9.222556e+00
1.529216e+01
7.294151e+00
1.295877e+01
0
0
0
0
0
0
2.527409e+00
0
0
1.643377e+00
3.674723e+00
5.248767e+00
1.178394e+01
2.169738e+01
3.089114e+00
3.702735e+00
9.833148e+00
0
0
2.318260e+01
3.086834e+01
0
0
2.440552e+00
6.382015e+00
2.073882e+00
3.799671e+01
0
0
0
0
0
0
0
-1.453840e-02
9.483160e-02
-8.499480e-02
1.221910e-01
2.892090e-01
-9.494350e-01
-1.138240e-01
3.199330e-01
-9.405780e-01