5.552418e+00
1.102546e+00
1.116474e+01
4.533281e+00
1.802438e+00
-2.654413e+00
7.267166e+00
5.745940e+00
6.622217e+00
1.618277e+01
3.757922e-01
-1.893351e+00
3.774608e+00
6.331184e+00
-3.665226e-01
-1.056454e+00
0
0
0
0
0
0
1.672286e+00
0
0
1.391079e+00
5.109094e+00
9.402018e+00
1.135217e+00
2.463951e+00
2.027237e+00
4.508493e-01
3.426043e+00
0
0
1.053518e+00
3.108274e+00
0
0
-3.628166e-01
-8.197367e-01
5.323932e+00
2.161520e+01
0
0
0
0
0
0
0
1.461170e-01
3.912500e-02
1.450880e-02
1.010240e-01
2.823870e-01
-9.539660e-01
-1.633990e-01
2.886160e-01
-9.433990e-01