5.014111e-01
-1.037618e+00
-4.715841e-02
4.533281e+00
1.802438e+00
-2.654413e+00
-2.054686e+00
6.074052e+00
6.918785e+01
1.944677e+01
6.373132e+00
1.744509e+00
1.805471e+01
1.521002e+01
-3.665226e-01
-5.875629e-03
0
0
0
0
0
0
1.672286e+00
0
0
1.391079e+00
2.632285e+00
2.727009e+00
1.135217e+00
1.227348e+00
2.027237e+00
4.508493e-01
3.426043e+00
0
0
-9.611543e+00
5.512296e+00
0
0
-3.628166e-01
-8.197367e-01
7.736247e+00
1.856836e+01
0
0
0
0
0
0
0
1.983000e-01
5.731650e-02
-1.798390e-02
1.085250e-01
2.827900e-01
-9.530230e-01
-1.708100e-01
2.885200e-01
-9.421150e-01