2.057018e+01
2.361881e+00
4.555532e+01
6.934808e+00
3.097073e+01
-1.328275e+00
6.201819e+00
-8.266793e-01
2.440281e+00
1.996964e+01
3.757922e-01
-1.893351e+00
9.649619e+00
2.226824e+01
6.516769e-01
-1.056454e+00
0
0
0
0
0
0
1.647704e+01
0
0
1.187180e+01
3.163154e+01
5.926241e+00
1.142972e+01
2.463951e+00
2.027237e+00
4.508493e-01
1.015781e+01
0
0
-1.934662e+01
2.100433e+01
0
0
-3.628166e-01
-8.197367e-01
6.453646e+00
3.922451e+01
0
0
0
0
0
0
0
2.059190e-01
2.702480e-02
9.755910e-02
6.466690e-02
2.936510e-01
-9.537230e-01
-1.987970e-01
2.668090e-01
-9.430230e-01