2.497268e+00
9.460802e+00
7.487729e-01
9.679840e+00
3.269170e+01
5.041397e+00
1.126611e+01
4.146494e+01
7.013191e+01
4.312060e+01
2.448962e+00
5.870913e+00
1.766926e+01
2.245206e+01
7.294151e+00
1.492737e+01
0
0
0
0
0
0
3.573045e+00
0
0
1.643377e+00
3.674723e+00
4.173786e+00
1.026595e+01
2.063301e+01
2.027237e+00
3.702735e+00
4.442984e+01
0
0
2.822818e+01
4.874318e+01
0
0
3.647715e+00
4.357311e+00
2.073882e+00
4.893542e+01
0
0
0
0
0
0
0
-1.037570e-02
1.003390e-01
-7.630980e-02
1.230590e-01
2.969810e-01
-9.469210e-01
-1.115720e-01
3.246890e-01
-9.392170e-01