4.841072e+00
8.384051e+00
2.219834e+00
7.204492e+00
2.379967e+01
3.429568e+00
1.769713e+01
4.088621e+01
6.682899e+01
4.474962e+01
3.621865e+00
4.528181e+00
2.156286e+01
2.918654e+01
2.724080e+01
2.323270e+01
0
0
0
0
0
0
1.550632e+01
0
0
1.643377e+00
6.520055e+00
3.148429e+00
1.533724e+00
6.976830e+00
2.027237e+00
3.702735e+00
4.357945e+01
0
0
3.588084e+01
4.018424e+01
0
0
9.828438e+00
5.695942e+00
2.073882e+00
3.798846e+01
0
0
0
0
0
0
0
-2.202570e-02
9.125340e-02
-6.887670e-02
1.168120e-01
2.924700e-01
-9.491130e-01
-1.280860e-01
3.142200e-01
-9.406700e-01