1.489896e+01
-1.037618e+00
1.808012e+01
3.968036e+01
1.050292e+01
2.594615e-01
-3.613059e+00
3.489966e+00
1.082216e+01
2.598618e+01
6.792553e+00
1.744509e+00
1.420606e+01
1.014333e+01
6.364120e-01
-5.875629e-03
0
0
0
0
0
0
1.754112e+00
0
0
1.391079e+00
2.632285e+00
1.678557e+00
1.135217e+00
1.227348e+00
2.027237e+00
1.369087e+01
3.426043e+00
0
0
-7.372517e+00
4.408041e+00
0
0
3.688606e+00
7.507607e+00
4.991599e+00
1.149315e+01
0
0
0
0
0
0
0
3.022700e-01
6.022710e-02
-2.697840e-02
8.593840e-02
2.592550e-01
-9.619780e-01
-1.674040e-01
2.678710e-01
-9.488000e-01