4.263538e+00
6.129311e+00
5.967072e+00
3.839217e+01
3.273892e+01
7.642492e+00
4.313035e+00
7.830070e+00
2.328646e+01
3.319716e+00
1.750419e+00
1.744509e+00
4.084297e+00
7.943485e+00
2.145424e+01
1.010732e+01
0
0
0
0
0
0
1.966659e+01
0
0
1.391079e+00
1.617863e+00
2.776102e+00
-3.054417e-03
1.227348e+00
1.459086e+01
4.249034e+00
2.421765e+00
0
0
-4.336048e+00
3.574699e+00
0
0
2.925443e+01
2.918645e+01
2.244541e+00
7.308952e+00
0
0
0
0
0
0
0
1.339540e-01
4.514830e-02
-1.712840e-02
9.635490e-02
2.731960e-01
-9.571200e-01
-1.619150e-01
2.786200e-01
-9.466540e-01