4.841072e+00
8.384051e+00
1.113229e+00
7.204492e+00
1.915171e+01
3.429568e+00
1.719264e+01
4.088621e+01
6.447420e+01
3.283705e+01
3.621865e+00
4.528181e+00
1.612954e+01
2.647207e+01
2.876436e+01
2.323270e+01
0
0
0
0
0
0
1.249469e+01
0
0
1.643377e+00
4.317795e+00
3.148429e+00
1.533724e+00
5.974205e+00
2.027237e+00
3.702735e+00
3.463154e+01
0
0
2.628058e+01
2.661471e+01
0
0
9.828438e+00
7.547765e+00
2.073882e+00
3.368095e+01
0
0
0
0
0
0
0
2.349490e-02
8.832550e-02
-5.300500e-02
1.147900e-01
2.949160e-01
-9.486030e-01
-1.395300e-01
3.144820e-01
-9.389530e-01