3.143167e+00
6.595399e+00
1.587664e+00
1.132027e+01
6.990771e+00
1.024327e+00
1.397644e+00
1.262905e+00
9.724840e+00
9.104613e+00
1.548386e+00
1.744509e+00
4.097873e+00
6.671929e+00
2.590635e+00
3.299335e+00
0
0
0
0
0
0
1.089712e+00
0
0
1.391079e+00
1.617863e+00
6.358937e+00
-3.054417e-03
1.227348e+00
1.733438e+00
9.722136e-01
2.504525e+00
0
0
-3.913084e+00
2.499724e+00
0
0
8.672546e+00
4.143794e+00
2.244541e+00
5.408547e+00
0
0
0
0
0
0
0
1.519230e-01
5.303460e-02
-8.540620e-03
9.900210e-02
2.689510e-01
-9.580520e-01
-1.630210e-01
2.738560e-01
-9.478540e-01