5.516405e+00
2.635346e+00
5.967072e+00
2.931140e+01
3.274454e+01
6.170238e+00
1.320219e+01
1.733058e+01
2.222094e+01
2.315779e+00
4.387769e+00
1.744509e+00
5.113618e+00
9.861881e+00
4.486948e+01
2.090979e+01
0
0
0
0
0
0
6.757789e+00
0
0
1.391079e+00
1.617863e+00
2.776102e+00
-3.054417e-03
1.227348e+00
1.229554e+01
7.412601e+00
2.421765e+00
0
0
-2.145594e+00
2.499724e+00
0
0
2.754368e+01
3.184680e+01
2.244541e+00
9.740723e+00
0
0
0
0
0
0
0
1.300150e-01
4.026500e-02
-1.454540e-02
9.575530e-02
2.700090e-01
-9.580840e-01
-1.632360e-01
2.759800e-01
-9.472000e-01