1.073035e+01
1.102546e+00
4.555532e+01
6.934808e+00
1.180459e+01
-2.654413e+00
7.267166e+00
2.924687e-01
2.440281e+00
1.996964e+01
3.757922e-01
-1.893351e+00
3.774608e+00
1.255031e+01
-3.665226e-01
-1.056454e+00
0
0
0
0
0
0
2.784615e+00
0
0
1.391079e+00
1.838287e+01
9.189138e+00
4.076247e+00
2.463951e+00
2.027237e+00
4.508493e-01
1.015781e+01
0
0
5.165171e+00
5.894037e+00
0
0
-3.628166e-01
-8.197367e-01
6.453646e+00
3.000447e+01
0
0
0
0
0
0
0
1.828210e-01
2.627320e-02
8.592870e-02
9.054070e-02
3.048940e-01
-9.480730e-01
-1.837580e-01
2.977830e-01
-9.367810e-01