1.301720e+01
-1.037618e+00
1.667378e+01
2.869901e+01
9.239733e+00
3.222076e+00
-2.444461e+00
4.546353e+00
8.606848e+00
2.365091e+01
6.792553e+00
1.744509e+00
1.400205e+01
1.220102e+01
6.364120e-01
-5.875629e-03
0
0
0
0
0
0
1.754112e+00
0
0
1.391079e+00
2.632285e+00
2.811337e+00
1.135217e+00
1.227348e+00
2.027237e+00
9.810062e+00
3.426043e+00
0
0
-8.068727e+00
5.608909e+00
0
0
3.688606e+00
7.507607e+00
4.991599e+00
1.149315e+01
0
0
0
0
0
0
0
2.994680e-01
5.549890e-02
-2.574550e-02
1.067010e-01
2.720970e-01
-9.563360e-01
-1.738600e-01
2.766880e-01
-9.451010e-01