4.263459e+00
1.614543e+00
3.795510e+00
2.527939e+01
1.975241e+01
4.104631e+00
8.115824e+00
1.345252e+01
2.657770e+01
2.315779e+00
4.387769e+00
1.744509e+00
5.113618e+00
9.861881e+00
4.359486e+01
1.876735e+01
0
0
0
0
0
0
1.077083e+01
0
0
1.391079e+00
1.617863e+00
2.776102e+00
-3.054417e-03
1.227348e+00
1.007476e+01
7.412601e+00
3.634719e+00
0
0
-3.041245e+00
2.499724e+00
0
0
2.498260e+01
3.068358e+01
2.244541e+00
8.656327e+00
0
0
0
0
0
0
0
1.277570e-01
4.340580e-02
-1.520480e-02
1.035160e-01
2.854260e-01
-9.527940e-01
-1.632710e-01
2.927390e-01
-9.421500e-01