4.263459e+00
1.614543e+00
3.795510e+00
2.825424e+01
2.122197e+01
4.104631e+00
9.309768e+00
1.457165e+01
2.657770e+01
2.315779e+00
4.387769e+00
1.744509e+00
5.113618e+00
9.861881e+00
4.359486e+01
1.876735e+01
0
0
0
0
0
0
1.218179e+01
0
0
1.391079e+00
1.617863e+00
2.776102e+00
-3.054417e-03
1.227348e+00
1.007476e+01
7.412601e+00
3.634719e+00
0
0
-2.872531e+00
2.499724e+00
0
0
2.662353e+01
3.184680e+01
2.244541e+00
8.656327e+00
0
0
0
0
0
0
0
1.281190e-01
4.247020e-02
-1.520480e-02
1.033390e-01
2.902870e-01
-9.513440e-01
-1.627410e-01
2.984890e-01
-9.404360e-01