5.014111e-01
-1.037618e+00
-4.715841e-02
4.533281e+00
7.932262e-01
-2.654413e+00
-4.708775e+00
4.885722e+00
6.176102e+01
1.822981e+01
7.904932e+00
1.744509e+00
3.364546e+01
2.766766e+01
-3.665226e-01
-5.875629e-03
0
0
0
0
0
0
2.764910e+00
0
0
1.391079e+00
2.632285e+00
1.678557e+00
1.135217e+00
1.227348e+00
2.027237e+00
4.508493e-01
3.426043e+00
0
0
-4.531838e+00
6.532576e+00
0
0
-3.628166e-01
-8.197367e-01
7.736247e+00
1.574028e+01
0
0
0
0
0
0
0
2.441340e-01
5.312140e-02
-2.514050e-02
9.313760e-02
2.731020e-01
-9.574660e-01
-1.620500e-01
2.804740e-01
-9.460840e-01