5.516405e+00
7.331692e+00
5.967072e+00
3.633645e+01
3.274454e+01
7.642492e+00
6.936799e+00
1.080599e+01
2.018181e+01
3.319716e+00
4.387769e+00
1.744509e+00
5.113618e+00
7.943485e+00
3.724369e+01
1.611452e+01
0
0
0
0
0
0
1.686738e+01
0
0
1.391079e+00
1.617863e+00
2.776102e+00
-3.054417e-03
1.227348e+00
1.262380e+01
5.459366e+00
2.421765e+00
0
0
-2.410626e+00
3.574699e+00
0
0
3.311444e+01
3.184680e+01
2.244541e+00
9.740723e+00
0
0
0
0
0
0
0
1.276470e-01
4.252920e-02
-1.592770e-02
9.554590e-02
2.712550e-01
-9.577530e-01
-1.639570e-01
2.764810e-01
-9.469300e-01