2.618365e+01
6.890132e+00
1.746042e+01
5.914349e+00
6.456375e+00
9.797185e-01
6.201819e+00
1.403635e+00
6.510558e+00
1.874455e+01
3.757922e-01
-2.899826e+00
1.439204e+01
2.014233e+01
6.516769e-01
-5.588420e-02
0
0
0
0
0
0
3.470412e+00
0
0
1.643377e+00
4.247033e+01
2.232876e+01
6.523757e+00
2.463951e+00
2.027237e+00
4.508493e-01
2.920517e+00
0
0
-2.115572e+01
2.976932e+01
0
0
-3.628166e-01
-8.197367e-01
2.668519e+01
4.806692e+01
0
0
0
0
0
0
0
1.791440e-01
3.117010e-02
6.514080e-02
6.693380e-02
3.050880e-01
-9.499690e-01
-2.012090e-01
2.712950e-01
-9.412300e-01