3.921878e+00
1.102546e+00
5.851434e+00
4.533281e+00
1.802438e+00
-2.654413e+00
7.267166e+00
5.745940e+00
8.123578e+00
1.618277e+01
3.757922e-01
-5.867807e-01
3.774608e+00
6.331184e+00
-3.665226e-01
-1.056454e+00
0
0
0
0
0
0
1.672286e+00
0
0
1.391079e+00
3.647038e+00
7.262132e+00
1.135217e+00
2.463951e+00
2.027237e+00
4.508493e-01
3.426043e+00
0
0
-2.602984e+00
3.108274e+00
0
0
-3.628166e-01
-8.197367e-01
5.323932e+00
1.744759e+01
0
0
0
0
0
0
0
1.399390e-01
4.239520e-02
8.703830e-03
1.004050e-01
2.800390e-01
-9.547240e-01
-1.630410e-01
2.866800e-01
-9.440510e-01