3.203937e+01
4.793121e+00
4.321755e+01
5.914349e+00
2.704073e+01
-1.328275e+00
6.201819e+00
-8.266793e-01
2.440281e+00
1.996964e+01
3.757922e-01
-2.899826e+00
1.438034e+01
2.226824e+01
6.516769e-01
-1.056454e+00
0
0
0
0
0
0
1.152817e+01
0
0
1.081101e+01
3.729797e+01
6.947961e+00
1.034458e+01
2.463951e+00
2.027237e+00
4.508493e-01
5.480175e+00
0
0
-2.008025e+01
2.565361e+01
0
0
-3.628166e-01
-8.197367e-01
1.039932e+01
4.389021e+01
0
0
0
0
0
0
0
2.029340e-01
2.785600e-02
9.796760e-02
6.248280e-02
3.043140e-01
-9.505200e-01
-2.033840e-01
2.693760e-01
-9.413140e-01