5.014111e-01
4.274792e-03
-4.715841e-02
4.533281e+00
1.802438e+00
-2.654413e+00
-2.054686e+00
6.074052e+00
6.918785e+01
1.832005e+01
5.248826e+00
1.744509e+00
1.338291e+01
1.105922e+01
-3.665226e-01
-5.875629e-03
0
0
0
0
0
0
1.672286e+00
0
0
1.391079e+00
2.632285e+00
2.727009e+00
1.135217e+00
1.227348e+00
2.027237e+00
4.508493e-01
3.426043e+00
0
0
-1.005683e+01
5.512296e+00
0
0
-3.628166e-01
-8.197367e-01
6.688205e+00
1.610231e+01
0
0
0
0
0
0
0
1.828590e-01
5.731650e-02
-1.737340e-02
1.088130e-01
2.811990e-01
-9.534610e-01
-1.708850e-01
2.874340e-01
-9.424330e-01