3.275723e+00
4.542793e+00
1.994946e+00
1.167099e+01
4.780789e+00
2.213289e+00
-2.444461e+00
2.136157e+00
8.718304e+00
6.968701e+00
1.750419e+00
1.744509e+00
5.439159e+00
4.044783e+00
6.364120e-01
-5.875629e-03
0
0
0
0
0
0
1.754112e+00
0
0
1.391079e+00
2.632285e+00
3.836659e+00
1.135217e+00
1.227348e+00
2.027237e+00
1.959420e+00
2.421765e+00
0
0
-8.643844e+00
4.603519e+00
0
0
8.863021e+00
4.427255e+00
2.244541e+00
6.039065e+00
0
0
0
0
0
0
0
1.398500e-01
5.274030e-02
-1.294610e-02
1.035950e-01
2.689180e-01
-9.575760e-01
-1.634730e-01
2.758920e-01
-9.471850e-01