2.618365e+01
5.805058e+00
3.702437e+01
5.914349e+00
2.007547e+01
-1.328275e+00
6.201819e+00
2.041106e-01
3.490348e+00
1.874455e+01
3.757922e-01
-2.899826e+00
1.438034e+01
2.119011e+01
6.516769e-01
-1.056454e+00
0
0
0
0
0
0
5.840928e+00
0
0
6.792426e+00
3.830982e+01
8.210323e+00
9.029090e+00
2.463951e+00
2.027237e+00
4.508493e-01
4.102880e+00
0
0
-2.052035e+01
2.678001e+01
0
0
-3.628166e-01
-8.197367e-01
1.557291e+01
4.528118e+01
0
0
0
0
0
0
0
1.902040e-01
2.811340e-02
9.494690e-02
6.277460e-02
3.054980e-01
-9.501210e-01
-2.038630e-01
2.705810e-01
-9.408650e-01