1.629064e+01
6.834957e+00
2.725885e+01
2.928461e+01
9.206033e+00
6.098790e+00
-1.917409e+00
9.627346e+00
1.662958e+01
2.767589e+01
3.544925e+00
1.744509e+00
5.153455e+00
1.581084e+01
1.885716e+01
3.299335e+00
0
0
0
0
0
0
2.737527e+01
0
0
1.391079e+00
1.450945e+01
2.746703e+01
-3.054417e-03
1.227348e+00
1.733438e+00
4.619092e+00
1.073813e+01
0
0
4.159031e+01
6.853724e+00
0
0
4.619868e+01
1.889534e+01
6.598022e+00
3.916087e+01
0
0
0
0
0
0
0
8.033370e-02
4.655420e-02
-1.523820e-02
8.523270e-02
2.828170e-01
-9.553800e-01
-1.784970e-01
2.820960e-01
-9.426350e-01