5.014111e-01
-1.037618e+00
-4.715841e-02
4.533281e+00
1.802438e+00
-2.654413e+00
-4.708775e+00
6.074052e+00
6.918785e+01
2.129550e+01
8.942694e+00
1.744509e+00
3.263714e+01
3.036326e+01
-3.665226e-01
-5.875629e-03
0
0
0
0
0
0
2.764910e+00
0
0
1.391079e+00
2.632285e+00
1.678557e+00
1.135217e+00
1.227348e+00
2.027237e+00
4.508493e-01
3.426043e+00
0
0
-6.803571e+00
6.532576e+00
0
0
-3.628166e-01
-8.197367e-01
7.736247e+00
2.166865e+01
0
0
0
0
0
0
0
2.413320e-01
5.393310e-02
-2.451840e-02
1.076440e-01
2.811830e-01
-9.535980e-01
-1.710850e-01
2.860750e-01
-9.428100e-01