2.252319e+01
7.942764e+00
3.013364e+00
5.914349e+00
6.456375e+00
2.311402e+00
4.978661e+00
1.104184e+01
1.689814e+01
1.997782e+01
1.436690e+00
-2.899826e+00
1.312773e+01
1.550161e+01
5.587021e+00
1.076732e+00
0
0
0
0
0
0
1.345148e+00
0
0
1.643377e+00
4.247033e+01
3.621609e+01
4.109210e+00
2.463951e+00
2.027237e+00
1.482415e+00
2.920517e+00
0
0
-2.176001e+01
3.406507e+01
0
0
-3.628166e-01
3.306118e-01
4.113044e+01
5.211384e+01
0
0
0
0
0
0
0
1.465180e-01
4.499410e-02
1.604690e-02
7.704640e-02
2.991790e-01
-9.510810e-01
-1.948520e-01
2.742400e-01
-9.417140e-01