1.208480e+01
9.817377e+00
4.861084e+01
4.812104e+01
4.913869e+01
2.678234e+01
-8.514699e-01
-2.553466e+00
6.739319e+01
2.091383e+00
1.097401e+01
5.253779e-01
6.628636e+00
4.866752e+01
6.668503e+00
2.489065e+01
0
0
0
0
0
0
2.527409e+00
0
0
1.396616e+01
2.596587e+00
1.633383e+01
5.575231e+00
8.956886e+00
4.778800e+01
0
1.038976e+00
0
0
-1.195876e+01
1.080943e+01
0
0
1.985650e-01
2.060991e+01
1.899607e+01
5.840254e+01
0
0
0
0
0
0
0
1.207190e-01
6.735540e-02
-1.274260e-01
1.442850e-01
2.423310e-01
-9.594050e-01
-1.087990e-01
3.027590e-01
-9.468370e-01