1.989365e+00
6.745811e+00
9.545212e-02
8.430080e+00
8.300260e+00
1.205514e+00
5.291072e-02
7.110696e+00
3.390859e+01
9.629699e+00
2.549901e+00
7.951562e-01
6.594729e+00
1.918649e+00
5.643189e-01
2.091924e+00
0
0
0
0
0
0
1.345148e+00
0
0
1.643377e+00
2.148878e+00
3.148429e+00
1.533724e+00
2.463951e+00
2.027237e+00
1.482415e+00
2.920517e+00
0
0
-1.960835e+01
6.877988e+00
0
0
2.161212e+00
1.343282e+00
3.228320e+00
8.508486e+00
0
0
0
0
0
0
0
7.933970e-02
5.664500e-02
-2.907310e-02
1.070450e-01
2.864650e-01
-9.520920e-01
-1.507960e-01
2.962300e-01
-9.431380e-01