1.324883e+01
9.817377e+00
5.687909e+01
5.197097e+01
5.852364e+01
2.790798e+01
-8.514699e-01
-2.553466e+00
7.067784e+01
2.091383e+00
1.405792e+01
1.659188e+00
6.628636e+00
4.976779e+01
6.668503e+00
2.489065e+01
0
0
0
0
0
0
2.527409e+00
0
0
1.396616e+01
1.446169e+00
1.633383e+01
8.512349e+00
1.287234e+01
4.778800e+01
0
1.038976e+00
0
0
-1.010995e+01
1.080943e+01
0
0
1.985650e-01
2.177800e+01
1.899607e+01
5.961707e+01
0
0
0
0
0
0
0
1.207190e-01
6.789520e-02
-1.397260e-01
1.465270e-01
2.395100e-01
-9.597730e-01
-1.037880e-01
3.036950e-01
-9.470990e-01