8.135147e+00
1.730445e+01
6.416222e+01
7.268879e+01
6.610502e+01
3.781395e+01
2.323192e+01
-2.553466e+00
7.055636e+01
2.201880e+01
3.657743e+01
1.523263e+01
4.386796e+00
5.528270e+01
4.563136e+01
2.591549e+01
0
0
0
0
0
0
2.527409e+00
0
0
1.514832e+01
4.693847e+00
1.633383e+01
4.770481e+01
2.169738e+01
4.778800e+01
1.493842e+01
1.850138e+01
0
0
2.626519e+01
3.721521e+01
0
0
1.985650e-01
2.615662e+01
5.320572e+01
6.132058e+01
0
0
0
0
0
0
0
1.064140e-01
6.326690e-02
-1.961150e-01
1.415220e-01
2.539320e-01
-9.568120e-01
-1.105870e-01
3.055400e-01
-9.457360e-01