1.989365e+00
8.896280e+00
9.545212e-02
8.430080e+00
8.300260e+00
1.205514e+00
5.291072e-02
8.341233e+00
3.533763e+01
1.126525e+01
2.549901e+00
1.814092e+00
6.594729e+00
1.918649e+00
1.603751e+00
2.091924e+00
0
0
0
0
0
0
1.345148e+00
0
0
1.643377e+00
3.195781e+00
3.148429e+00
1.533724e+00
2.463951e+00
2.027237e+00
1.482415e+00
2.920517e+00
0
0
-1.785800e+01
8.178599e+00
0
0
3.464960e+00
2.462287e+00
2.073882e+00
8.508486e+00
0
0
0
0
0
0
0
7.779270e-02
5.752640e-02
-2.782790e-02
1.099730e-01
2.719740e-01
-9.560000e-01
-1.500370e-01
2.883620e-01
-9.456940e-01