1.989365e+00
1.153142e+01
9.545212e-02
8.430080e+00
1.541978e+01
2.311720e+00
6.615262e+00
2.258939e+01
4.736859e+01
2.244641e+01
2.549901e+00
1.814092e+00
7.608875e+00
4.010140e+00
1.072256e+01
8.482513e+00
0
0
0
0
0
0
2.384025e+00
0
0
1.643377e+00
3.195781e+00
3.148429e+00
1.533724e+00
4.779859e+00
2.027237e+00
2.521402e+00
2.920517e+00
0
0
-6.828588e+00
9.283628e+00
0
0
6.646455e+00
3.590985e+00
2.073882e+00
1.092323e+01
0
0
0
0
0
0
0
7.535240e-02
6.826080e-02
-3.281430e-02
1.110680e-01
2.770560e-01
-9.544130e-01
-1.483540e-01
2.920910e-01
-9.448140e-01