9.534531e+00
-1.037618e+00
1.365410e+01
2.120598e+01
9.239733e+00
3.222076e+00
-2.444461e+00
3.293330e+00
6.418357e+00
1.919398e+01
3.588128e+00
1.744509e+00
8.842397e+00
9.680547e+00
6.364120e-01
-5.875629e-03
0
0
0
0
0
0
1.754112e+00
0
0
1.391079e+00
2.632285e+00
2.811337e+00
1.135217e+00
1.227348e+00
2.027237e+00
5.336726e+00
3.426043e+00
0
0
-1.040483e+01
5.608909e+00
0
0
3.688606e+00
7.507607e+00
4.991599e+00
1.149315e+01
0
0
0
0
0
0
0
2.935590e-01
5.309160e-02
-2.608030e-02
1.025600e-01
2.745300e-01
-9.560930e-01
-1.657620e-01
2.854490e-01
-9.439500e-01