4.841072e+00
8.384051e+00
1.113229e+00
7.204492e+00
2.096710e+01
3.429568e+00
1.880794e+01
4.088621e+01
6.447420e+01
3.429660e+01
3.621865e+00
4.528181e+00
1.922754e+01
2.812137e+01
2.876436e+01
2.323270e+01
0
0
0
0
0
0
1.249469e+01
0
0
1.643377e+00
4.317795e+00
3.148429e+00
1.533724e+00
5.974205e+00
2.027237e+00
3.702735e+00
3.608054e+01
0
0
2.870938e+01
2.987213e+01
0
0
9.828438e+00
7.547765e+00
2.073882e+00
3.368095e+01
0
0
0
0
0
0
0
1.860700e-02
8.908080e-02
-5.678730e-02
1.157940e-01
2.974620e-01
-9.476860e-01
-1.373760e-01
3.179570e-01
-9.381000e-01