2.497268e+00
8.384051e+00
2.234212e+00
8.260788e+00
2.669849e+01
3.336860e+00
1.007899e+01
3.403802e+01
6.899556e+01
4.878161e+01
3.601474e+00
3.379833e+00
1.884188e+01
2.563823e+01
1.811864e+00
4.236839e+00
0
0
0
0
0
0
7.525686e+00
0
0
1.643377e+00
4.681066e+00
3.148429e+00
4.797421e+00
1.675462e+01
2.027237e+00
3.702735e+00
3.287211e+01
0
0
4.036866e+01
3.898386e+01
0
0
4.738188e+00
1.187259e+00
2.073882e+00
4.359601e+01
0
0
0
0
0
0
0
-6.771580e-02
9.649580e-02
-8.106580e-02
1.183910e-01
2.882400e-01
-9.502110e-01
-1.104690e-01
3.114740e-01
-9.438120e-01