5.516405e+00
7.331692e+00
5.967072e+00
3.839217e+01
3.383528e+01
7.642492e+00
4.313035e+00
9.540050e+00
2.467220e+01
3.319716e+00
1.750419e+00
1.744509e+00
5.113618e+00
7.943485e+00
2.161688e+01
1.126607e+01
0
0
0
0
0
0
2.128502e+01
0
0
1.391079e+00
1.617863e+00
2.776102e+00
-3.054417e-03
1.227348e+00
7.688853e+00
4.249034e+00
2.421765e+00
0
0
-4.063917e+00
3.574699e+00
0
0
3.172162e+01
3.040034e+01
2.244541e+00
8.377578e+00
0
0
0
0
0
0
0
1.283190e-01
4.383470e-02
-1.725570e-02
9.659370e-02
2.713210e-01
-9.576300e-01
-1.619080e-01
2.763670e-01
-9.473160e-01