2.497268e+00
8.384051e+00
2.234212e+00
7.039789e+00
2.669849e+01
5.041397e+00
1.126611e+01
3.559268e+01
6.899556e+01
4.878161e+01
3.601474e+00
3.379833e+00
1.884188e+01
2.563823e+01
1.811864e+00
4.236839e+00
0
0
0
0
0
0
6.108841e+00
0
0
1.643377e+00
4.681066e+00
3.148429e+00
5.895223e+00
1.513248e+01
2.027237e+00
3.702735e+00
3.287211e+01
0
0
3.951379e+01
3.898386e+01
0
0
4.738188e+00
1.187259e+00
2.073882e+00
4.316341e+01
0
0
0
0
0
0
0
-2.350520e-02
1.051780e-01
-8.082860e-02
1.179970e-01
2.888320e-01
-9.500800e-01
-1.112590e-01
3.122420e-01
-9.434650e-01