1.121239e+01
-1.037618e+00
1.684625e+01
3.833582e+01
1.050292e+01
-1.102392e+00
-3.613059e+00
3.489966e+00
1.971115e+01
2.598618e+01
6.792553e+00
1.744509e+00
1.420606e+01
1.355836e+01
-3.665226e-01
-5.875629e-03
0
0
0
0
0
0
1.754112e+00
0
0
1.391079e+00
2.632285e+00
1.678557e+00
1.135217e+00
1.227348e+00
2.027237e+00
1.369087e+01
3.426043e+00
0
0
-7.715412e+00
4.408041e+00
0
0
9.458909e-01
3.957734e+00
4.991599e+00
1.149315e+01
0
0
0
0
0
0
0
2.775170e-01
5.688080e-02
-2.697840e-02
8.662190e-02
2.591930e-01
-9.619330e-01
-1.669340e-01
2.680510e-01
-9.488320e-01