1.887679e+01
1.102546e+00
4.555532e+01
6.934808e+00
3.097073e+01
-1.328275e+00
6.201819e+00
-8.266793e-01
2.440281e+00
1.996964e+01
3.757922e-01
-1.893351e+00
8.591285e+00
2.226824e+01
6.516769e-01
-1.056454e+00
0
0
0
0
0
0
1.487836e+01
0
0
1.187180e+01
3.163154e+01
5.926241e+00
1.142972e+01
2.463951e+00
2.027237e+00
4.508493e-01
1.015781e+01
0
0
-1.882106e+01
1.985615e+01
0
0
-3.628166e-01
-8.197367e-01
6.453646e+00
3.922451e+01
0
0
0
0
0
0
0
2.026960e-01
2.639980e-02
9.732360e-02
6.622400e-02
2.917420e-01
-9.542020e-01
-1.967020e-01
2.665550e-01
-9.435340e-01