1.276832e+01
1.940960e+00
2.113557e+01
2.654639e+01
4.773807e+00
1.228177e+00
-1.917409e+00
1.134405e+01
1.941544e+01
3.988653e+01
1.548386e+00
1.744509e+00
7.397111e+00
3.773611e+01
1.860823e+01
3.299335e+00
0
0
0
0
0
0
4.369846e+01
0
0
1.391079e+00
1.183275e+01
1.853830e+01
-3.054417e-03
1.227348e+00
1.733438e+00
2.084930e+00
1.473774e+01
0
0
4.071039e+01
5.803606e+00
0
0
4.058121e+01
2.225368e+01
2.244541e+00
2.446612e+01
0
0
0
0
0
0
0
7.064920e-02
3.787320e-02
-2.066570e-02
1.157140e-01
2.551430e-01
-9.599540e-01
-1.768440e-01
2.656100e-01
-9.477220e-01