2.618365e+01
6.890132e+00
2.936798e+01
5.914349e+00
7.947399e+00
-1.482135e-01
6.201819e+00
1.403635e+00
3.490348e+00
1.874455e+01
3.757922e-01
-2.899826e+00
1.640411e+01
2.014233e+01
6.516769e-01
-5.588420e-02
0
0
0
0
0
0
3.470412e+00
0
0
1.643377e+00
4.107139e+01
1.436265e+01
7.638448e+00
2.463951e+00
2.027237e+00
4.508493e-01
2.920517e+00
0
0
-2.106444e+01
2.862012e+01
0
0
-3.628166e-01
-8.197367e-01
1.831380e+01
4.528118e+01
0
0
0
0
0
0
0
1.822560e-01
3.027810e-02
8.303890e-02
6.432500e-02
3.056810e-01
-9.499590e-01
-2.027830e-01
2.708630e-01
-9.410170e-01