3.011714e+01
5.805058e+00
3.827990e+01
5.914349e+00
2.270200e+01
-1.328275e+00
6.201819e+00
2.041106e-01
3.490348e+00
1.996964e+01
3.757922e-01
-2.899826e+00
1.438034e+01
2.226824e+01
6.516769e-01
-1.056454e+00
0
0
0
0
0
0
8.146363e+00
0
0
6.792426e+00
3.729797e+01
6.947961e+00
1.034458e+01
2.463951e+00
2.027237e+00
4.508493e-01
4.102880e+00
0
0
-2.021525e+01
2.565361e+01
0
0
-3.628166e-01
-8.197367e-01
1.442305e+01
4.528118e+01
0
0
0
0
0
0
0
2.014990e-01
2.785600e-02
9.685110e-02
6.227620e-02
3.047360e-01
-9.503990e-01
-2.033960e-01
2.695980e-01
-9.412470e-01