1.989365e+00
1.153142e+01
9.545212e-02
8.430080e+00
1.651340e+01
2.311720e+00
1.036924e+01
2.698122e+01
5.238869e+01
2.621292e+01
2.549901e+00
1.814092e+00
7.608875e+00
8.008023e+00
1.408912e+01
9.774942e+00
0
0
0
0
0
0
3.992225e+00
0
0
1.643377e+00
3.195781e+00
3.148429e+00
1.533724e+00
4.779859e+00
2.027237e+00
2.521402e+00
3.991748e+00
0
0
4.723908e-01
1.037551e+01
0
0
6.646455e+00
5.062120e+00
2.073882e+00
1.313262e+01
0
0
0
0
0
0
0
6.442410e-02
7.766320e-02
-3.707890e-02
1.105180e-01
2.778030e-01
-9.542600e-01
-1.477470e-01
2.932160e-01
-9.445610e-01