1.989365e+00
6.745811e+00
9.545212e-02
7.107107e+00
8.300260e+00
1.205514e+00
5.291072e-02
9.414349e+00
2.783031e+01
1.595113e+01
2.549901e+00
7.951562e-01
6.594729e+00
3.300875e+00
1.621828e+00
2.091924e+00
0
0
0
0
0
0
1.345148e+00
0
0
1.643377e+00
2.148878e+00
5.356402e+00
1.533724e+00
2.463951e+00
2.027237e+00
1.482415e+00
2.920517e+00
0
0
-2.103284e+01
8.144290e+00
0
0
2.161212e+00
1.343282e+00
5.440850e+00
1.189710e+01
0
0
0
0
0
0
0
8.934680e-02
5.766130e-02
-2.221970e-02
1.062070e-01
2.870730e-01
-9.520030e-01
-1.590690e-01
2.937140e-01
-9.425650e-01