9.549599e+00
2.570698e+00
1.577098e+01
8.797917e+00
7.902495e+00
2.199461e+00
6.123102e+00
9.627346e+00
6.389347e+00
1.104552e+01
1.484363e+00
1.744509e+00
5.153455e+00
3.222928e+00
1.506560e+01
5.753077e+00
0
0
0
0
0
0
2.704806e+00
0
0
1.391079e+00
7.335869e+00
5.227282e+00
-3.054417e-03
1.227348e+00
1.733438e+00
2.343274e+00
4.667859e+00
0
0
-5.668857e+00
7.891885e+00
0
0
8.826824e+00
4.964359e+00
6.598022e+00
2.790737e+01
0
0
0
0
0
0
0
1.255930e-01
4.170010e-02
3.397880e-02
8.184260e-02
2.966030e-01
-9.514880e-01
-1.853660e-01
2.895480e-01
-9.390430e-01