1.349943e+01
1.730445e+01
6.652791e+01
6.372392e+01
6.753163e+01
4.281499e+01
2.744861e+01
-2.553466e+00
7.282152e+01
3.115623e+01
4.854410e+01
2.416094e+01
4.386796e+00
5.781755e+01
4.563136e+01
2.591549e+01
0
0
0
0
0
0
2.527409e+00
0
0
1.514832e+01
4.693847e+00
1.633383e+01
5.028936e+01
2.169738e+01
4.778800e+01
1.604741e+01
2.329451e+01
0
0
2.876374e+01
3.978412e+01
0
0
1.985650e-01
2.717196e+01
6.290074e+01
6.249400e+01
0
0
0
0
0
0
0
1.258450e-01
6.317460e-02
-2.082960e-01
1.436940e-01
2.488870e-01
-9.578140e-01
-1.084010e-01
3.032310e-01
-9.467310e-01