3.518049e+01
4.793121e+00
4.446332e+01
5.914349e+00
2.850059e+01
-1.328275e+00
6.201819e+00
-8.266793e-01
2.440281e+00
1.996964e+01
3.757922e-01
-2.899826e+00
1.438034e+01
2.226824e+01
6.516769e-01
-1.056454e+00
0
0
0
0
0
0
1.313904e+01
0
0
1.081101e+01
3.729797e+01
6.947961e+00
1.034458e+01
2.463951e+00
2.027237e+00
4.508493e-01
7.156766e+00
0
0
-2.020039e+01
2.456917e+01
0
0
-3.628166e-01
-8.197367e-01
9.172289e+00
4.272072e+01
0
0
0
0
0
0
0
2.046720e-01
2.785600e-02
9.796760e-02
6.247370e-02
3.046650e-01
-9.504080e-01
-2.030140e-01
2.700380e-01
-9.412040e-01