5.400105e+00
-1.037618e+00
8.817138e+00
2.479112e+01
3.299217e+00
-2.654413e+00
-4.708775e+00
3.489966e+00
3.374493e+01
2.222260e+01
6.792553e+00
1.744509e+00
1.420606e+01
1.522205e+01
-3.665226e-01
-5.875629e-03
0
0
0
0
0
0
2.764910e+00
0
0
1.391079e+00
2.632285e+00
1.678557e+00
1.135217e+00
1.227348e+00
2.027237e+00
1.032623e+01
3.426043e+00
0
0
-6.020544e+00
4.408041e+00
0
0
-3.628166e-01
3.787856e-01
6.225261e+00
1.261391e+01
0
0
0
0
0
0
0
2.615920e-01
5.329440e-02
-2.647000e-02
8.787870e-02
2.618970e-01
-9.610870e-01
-1.648730e-01
2.705320e-01
-9.484880e-01