2.481167e+01
4.793121e+00
4.446332e+01
5.914349e+00
3.097073e+01
-1.328275e+00
6.201819e+00
-8.266793e-01
2.440281e+00
1.996964e+01
3.757922e-01
-1.893351e+00
1.324437e+01
2.226824e+01
6.516769e-01
-1.056454e+00
0
0
0
0
0
0
1.820417e+01
0
0
1.187180e+01
3.265670e+01
5.926241e+00
1.142972e+01
2.463951e+00
2.027237e+00
4.508493e-01
1.015781e+01
0
0
-2.002155e+01
2.349455e+01
0
0
-3.628166e-01
-8.197367e-01
6.453646e+00
4.030549e+01
0
0
0
0
0
0
0
2.061520e-01
2.715320e-02
9.768510e-02
6.427730e-02
3.015010e-01
-9.512970e-01
-2.005720e-01
2.695150e-01
-9.418770e-01