3.251704e+00
6.129311e+00
5.967072e+00
3.839217e+01
3.014713e+01
7.642492e+00
3.096268e+00
6.724051e+00
2.328646e+01
3.319716e+00
1.750419e+00
1.744509e+00
4.084297e+00
6.815636e+00
1.912431e+01
8.617202e+00
0
0
0
0
0
0
1.856403e+01
0
0
1.391079e+00
1.617863e+00
2.776102e+00
-3.054417e-03
1.227348e+00
1.272579e+01
4.249034e+00
2.421765e+00
0
0
-5.414765e+00
3.574699e+00
0
0
2.824533e+01
2.815012e+01
2.244541e+00
7.308952e+00
0
0
0
0
0
0
0
1.339540e-01
4.628690e-02
-1.672440e-02
9.641960e-02
2.743240e-01
-9.567910e-01
-1.615640e-01
2.795710e-01
-9.464340e-01