5.516405e+00
5.089508e+00
5.967072e+00
3.633645e+01
3.274454e+01
7.642492e+00
1.023160e+01
1.598312e+01
2.018181e+01
2.315779e+00
4.387769e+00
1.744509e+00
5.113618e+00
7.943485e+00
4.341125e+01
1.962239e+01
0
0
0
0
0
0
6.757789e+00
0
0
1.391079e+00
1.617863e+00
2.776102e+00
-3.054417e-03
1.227348e+00
1.370533e+01
5.459366e+00
2.421765e+00
0
0
-1.736953e+00
2.499724e+00
0
0
3.311444e+01
3.184680e+01
2.244541e+00
9.740723e+00
0
0
0
0
0
0
0
1.305180e-01
4.106130e-02
-1.536150e-02
9.501560e-02
2.695110e-01
-9.582980e-01
-1.636060e-01
2.747870e-01
-9.474840e-01