1.617192e+01
9.817377e+00
7.185940e+01
5.298443e+01
6.645539e+01
4.102031e+01
2.379266e+01
-2.553466e+00
7.390064e+01
2.458918e+01
4.356877e+01
2.103221e+01
6.628636e+00
5.656374e+01
3.735705e+01
2.591549e+01
0
0
0
0
0
0
2.527409e+00
0
0
1.514832e+01
1.446169e+00
1.633383e+01
4.023811e+01
2.048922e+01
4.778800e+01
1.359463e+01
1.793896e+01
0
0
2.112269e+01
3.660693e+01
0
0
1.985650e-01
2.711838e+01
5.934474e+01
6.249400e+01
0
0
0
0
0
0
0
1.519940e-01
6.735540e-02
-2.161990e-01
1.474760e-01
2.407560e-01
-9.593160e-01
-1.032450e-01
3.025170e-01
-9.475360e-01