4.263459e+00
1.614543e+00
3.795510e+00
2.825424e+01
2.458657e+01
5.113737e+00
1.031295e+01
1.733058e+01
2.546530e+01
2.315779e+00
4.387769e+00
1.744509e+00
5.113618e+00
9.861881e+00
4.486948e+01
2.152083e+01
0
0
0
0
0
0
1.770241e+01
0
0
1.391079e+00
1.617863e+00
2.776102e+00
-3.054417e-03
1.227348e+00
1.007476e+01
7.412601e+00
3.634719e+00
0
0
-2.690576e+00
2.499724e+00
0
0
2.662353e+01
3.184680e+01
2.244541e+00
9.740723e+00
0
0
0
0
0
0
0
1.297850e-01
4.148700e-02
-1.520480e-02
9.833530e-02
2.777430e-01
-9.556090e-01
-1.640420e-01
2.841600e-01
-9.446390e-01