1.989365e+00
6.745811e+00
9.545212e-02
7.107107e+00
8.300260e+00
1.205514e+00
5.291072e-02
9.414349e+00
2.903403e+01
1.425018e+01
2.549901e+00
7.951562e-01
6.594729e+00
1.918649e+00
5.643189e-01
2.091924e+00
0
0
0
0
0
0
1.345148e+00
0
0
1.643377e+00
2.148878e+00
4.261176e+00
1.533724e+00
2.463951e+00
2.027237e+00
1.482415e+00
2.920517e+00
0
0
-2.042664e+01
6.877988e+00
0
0
2.161212e+00
1.343282e+00
4.374205e+00
1.062649e+01
0
0
0
0
0
0
0
8.545170e-02
5.766130e-02
-2.527430e-02
1.074730e-01
2.859370e-01
-9.522020e-01
-1.564540e-01
2.945960e-01
-9.427280e-01