1.205403e+01
1.102546e+00
4.555532e+01
6.934808e+00
2.163052e+01
-2.654413e+00
6.201819e+00
-8.266793e-01
2.440281e+00
1.996964e+01
3.757922e-01
-1.893351e+00
3.774608e+00
2.004417e+01
6.516769e-01
-1.056454e+00
0
0
0
0
0
0
2.784615e+00
0
0
2.470299e+00
2.475336e+01
5.926241e+00
9.324280e+00
2.463951e+00
2.027237e+00
4.508493e-01
1.015781e+01
0
0
-1.782788e+00
1.007108e+01
0
0
-3.628166e-01
-8.197367e-01
6.453646e+00
3.413539e+01
0
0
0
0
0
0
0
1.873300e-01
2.627240e-02
9.333240e-02
8.392820e-02
3.052410e-01
-9.485690e-01
-1.886670e-01
2.915690e-01
-9.377590e-01