4.263459e+00
6.595399e+00
1.587664e+00
1.132027e+01
6.990771e+00
1.024327e+00
1.397644e+00
1.262905e+00
9.724840e+00
8.086843e+00
1.548386e+00
1.744509e+00
4.097873e+00
4.931684e+00
2.590635e+00
3.299335e+00
0
0
0
0
0
0
1.089712e+00
0
0
1.391079e+00
1.617863e+00
6.358937e+00
-3.054417e-03
1.227348e+00
1.733438e+00
9.722136e-01
2.504525e+00
0
0
-4.726540e+00
2.499724e+00
0
0
8.672546e+00
4.143794e+00
2.244541e+00
6.451122e+00
0
0
0
0
0
0
0
1.510500e-01
5.233080e-02
-8.724860e-03
9.929720e-02
2.690690e-01
-9.579880e-01
-1.626920e-01
2.741530e-01
-9.478250e-01