5.014111e-01
1.102546e+00
-4.715841e-02
4.533281e+00
1.802438e+00
-2.654413e+00
-1.013458e+00
6.074052e+00
6.184434e+01
1.569205e+01
2.955862e+00
1.744509e+00
7.344364e+00
1.105922e+01
-3.665226e-01
-5.875629e-03
0
0
0
0
0
0
1.672286e+00
0
0
1.391079e+00
2.632285e+00
3.750300e+00
1.135217e+00
1.227348e+00
2.027237e+00
4.508493e-01
3.426043e+00
0
0
-1.208784e+01
4.158269e+00
0
0
-3.628166e-01
-8.197367e-01
6.688205e+00
1.093411e+01
0
0
0
0
0
0
0
1.306940e-01
5.478750e-02
-1.246830e-02
1.098550e-01
2.780450e-01
-9.542660e-01
-1.705670e-01
2.840900e-01
-9.435040e-01