1.989365e+00
1.153142e+01
9.545212e-02
8.430080e+00
1.235148e+01
1.205514e+00
1.054128e+00
8.341233e+00
3.785911e+01
1.522359e+01
2.549901e+00
1.814092e+00
6.594729e+00
1.918649e+00
3.793983e+00
4.301340e+00
0
0
0
0
0
0
1.345148e+00
0
0
1.643377e+00
3.195781e+00
3.148429e+00
1.533724e+00
3.467812e+00
2.027237e+00
1.482415e+00
2.920517e+00
0
0
-1.516628e+01
8.178599e+00
0
0
4.523310e+00
2.462287e+00
2.073882e+00
8.508486e+00
0
0
0
0
0
0
0
7.962650e-02
6.323740e-02
-2.743880e-02
1.117730e-01
2.742190e-01
-9.551500e-01
-1.506960e-01
2.900530e-01
-9.450710e-01