2.242498e+00
6.129311e+00
3.136413e+00
2.624073e+01
1.399107e+01
5.230715e+00
-1.356221e+00
2.136157e+00
1.655645e+01
3.319716e+00
1.750419e+00
1.744509e+00
4.084297e+00
4.044783e+00
7.148699e+00
4.765573e+00
0
0
0
0
0
0
3.085211e+00
0
0
1.391079e+00
2.632285e+00
2.776102e+00
1.135217e+00
1.227348e+00
2.027237e+00
1.959420e+00
2.421765e+00
0
0
-6.670008e+00
3.574699e+00
0
0
1.671082e+01
1.753818e+01
2.244541e+00
6.039065e+00
0
0
0
0
0
0
0
1.373340e-01
5.104610e-02
-1.388360e-02
9.661730e-02
2.711170e-01
-9.576850e-01
-1.630460e-01
2.773490e-01
-9.468330e-01