2.816303e+01
5.805058e+00
3.702437e+01
5.914349e+00
2.123606e+01
-1.328275e+00
6.201819e+00
2.041106e-01
3.490348e+00
1.996964e+01
3.757922e-01
-2.899826e+00
1.438034e+01
2.119011e+01
6.516769e-01
-1.056454e+00
0
0
0
0
0
0
7.081081e+00
0
0
6.792426e+00
3.830982e+01
6.947961e+00
1.034458e+01
2.463951e+00
2.027237e+00
4.508493e-01
4.102880e+00
0
0
-2.031695e+01
2.565361e+01
0
0
-3.628166e-01
-8.197367e-01
1.442305e+01
4.528118e+01
0
0
0
0
0
0
0
2.002070e-01
2.805870e-02
9.591300e-02
6.237860e-02
3.052140e-01
-9.502390e-01
-2.039530e-01
2.701410e-01
-9.409710e-01