2.517919e+01
7.942764e+00
8.505389e+00
5.914349e+00
6.456375e+00
2.311402e+00
4.978661e+00
4.810794e+00
1.303577e+01
1.874455e+01
1.436690e+00
-2.899826e+00
1.312773e+01
1.895614e+01
3.396608e+00
-5.588420e-02
0
0
0
0
0
0
2.346936e+00
0
0
1.643377e+00
4.247033e+01
3.621609e+01
5.217046e+00
2.463951e+00
2.027237e+00
1.482415e+00
2.920517e+00
0
0
-2.168995e+01
3.406507e+01
0
0
-3.628166e-01
3.306118e-01
4.113044e+01
5.062755e+01
0
0
0
0
0
0
0
1.615600e-01
3.745770e-02
3.681170e-02
7.144820e-02
3.010480e-01
-9.509290e-01
-1.992370e-01
2.713870e-01
-9.416230e-01