4.263459e+00
5.523142e+00
2.638049e+00
1.257557e+01
1.173736e+01
2.070607e+00
5.069388e+00
7.950000e+00
1.676582e+01
4.710597e+00
1.548386e+00
1.744509e+00
5.113618e+00
4.931684e+00
4.989149e+00
5.533186e+00
0
0
0
0
0
0
1.089712e+00
0
0
1.391079e+00
1.617863e+00
4.108687e+00
-3.054417e-03
1.227348e+00
1.733438e+00
1.975754e+00
2.504525e+00
0
0
-4.397329e+00
2.499724e+00
0
0
1.128428e+01
5.371684e+00
2.244541e+00
7.493224e+00
0
0
0
0
0
0
0
1.277570e-01
4.756020e-02
-1.359970e-02
1.015980e-01
2.748300e-01
-9.561100e-01
-1.627350e-01
2.804820e-01
-9.459640e-01