2.108578e+00
1.940960e+00
1.587664e+00
7.613401e+00
3.350516e+00
-6.762759e-02
3.111249e-01
1.262905e+00
1.900977e+01
1.192321e+01
1.548386e+00
1.744509e+00
4.097873e+00
1.550976e+01
2.590635e+00
3.299335e+00
0
0
0
0
0
0
1.089712e+00
0
0
1.391079e+00
1.617863e+00
6.358937e+00
-3.054417e-03
1.227348e+00
1.733438e+00
9.722136e-01
2.504525e+00
0
0
-2.466683e+00
2.499724e+00
0
0
6.005336e+00
4.143794e+00
2.244541e+00
5.408547e+00
0
0
0
0
0
0
0
1.518050e-01
5.225000e-02
-1.076810e-02
9.697850e-02
2.711100e-01
-9.576510e-01
-1.455390e-01
2.780550e-01
-9.494760e-01