5.846238e+00
2.570698e+00
8.541017e+00
6.681416e+00
6.796803e+00
2.199461e+00
4.060980e+00
8.553470e+00
8.716665e+00
1.217099e+01
1.484363e+00
1.744509e+00
5.153455e+00
4.701662e+00
1.506560e+01
4.656145e+00
0
0
0
0
0
0
2.704806e+00
0
0
1.391079e+00
6.024475e+00
2.850882e+00
-3.054417e-03
1.227348e+00
1.733438e+00
1.324396e+00
4.667859e+00
0
0
-1.263836e+01
7.891885e+00
0
0
7.639509e+00
3.726869e+00
4.283901e+00
1.815312e+01
0
0
0
0
0
0
0
1.256660e-01
4.335330e-02
2.736380e-02
8.414850e-02
2.920470e-01
-9.526950e-01
-1.800230e-01
2.876090e-01
-9.406770e-01