4.263459e+00
2.623598e+00
3.795510e+00
1.894966e+01
1.724963e+01
4.104631e+00
6.368657e+00
1.080719e+01
2.549591e+01
2.315779e+00
2.965791e+00
1.744509e+00
5.113618e+00
7.832049e+00
2.050987e+01
1.024487e+01
0
0
0
0
0
0
7.704559e+00
0
0
1.391079e+00
1.617863e+00
2.776102e+00
-3.054417e-03
1.227348e+00
5.854312e+00
3.810860e+00
3.634719e+00
0
0
-3.198059e+00
2.499724e+00
0
0
2.078024e+01
1.799415e+01
2.244541e+00
8.656327e+00
0
0
0
0
0
0
0
1.277570e-01
4.499430e-02
-1.433030e-02
1.018320e-01
2.774110e-01
-9.553390e-01
-1.639460e-01
2.832070e-01
-9.449420e-01