2.497268e+00
2.595191e+01
7.487729e-01
2.763784e+01
4.143405e+01
6.983609e+00
1.126611e+01
4.673701e+01
6.712441e+01
2.268306e+01
2.448962e+00
1.578819e+00
6.502677e+00
1.155385e+01
7.294151e+00
1.451798e+01
0
0
0
0
0
0
2.527409e+00
0
0
1.643377e+00
2.132765e+00
5.248767e+00
1.652055e+01
2.169738e+01
3.089114e+00
3.702735e+00
3.980845e+00
0
0
1.923577e+01
2.609154e+01
0
0
2.440552e+00
6.382015e+00
2.073882e+00
3.926225e+01
0
0
0
0
0
0
0
-1.453840e-02
8.768920e-02
-9.196890e-02
1.221880e-01
2.917630e-01
-9.486540e-01
-1.152210e-01
3.242110e-01
-9.389420e-01