4.364036e+00
1.940960e+00
2.598835e+00
1.260911e+01
3.350516e+00
-6.762759e-02
-1.917409e+00
6.005136e+00
2.318940e+01
4.686759e+01
1.548386e+00
1.744509e+00
7.397111e+00
4.943642e+01
1.525987e+01
3.299335e+00
0
0
0
0
0
0
4.369846e+01
0
0
1.391079e+00
5.122181e+00
1.064376e+01
-3.054417e-03
1.227348e+00
1.733438e+00
9.722136e-01
1.189797e+01
0
0
3.884702e+01
4.766835e+00
0
0
2.490513e+01
4.143794e+00
2.244541e+00
1.439057e+01
0
0
0
0
0
0
0
8.628420e-02
4.709860e-02
-2.217120e-02
1.130290e-01
2.558680e-01
-9.600810e-01
-1.767740e-01
2.658570e-01
-9.476660e-01