8.174952e+00
-1.037618e+00
7.734497e+00
1.638165e+01
7.567059e+00
3.222076e+00
-2.444461e+00
2.136157e+00
6.418357e+00
1.919398e+01
3.588128e+00
1.744509e+00
7.762574e+00
6.452789e+00
6.364120e-01
-5.875629e-03
0
0
0
0
0
0
1.754112e+00
0
0
1.391079e+00
2.632285e+00
2.811337e+00
1.135217e+00
1.227348e+00
2.027237e+00
3.435064e+00
2.421765e+00
0
0
-1.115444e+01
5.608909e+00
0
0
3.688606e+00
5.917587e+00
3.491289e+00
1.005661e+01
0
0
0
0
0
0
0
2.917790e-01
5.116780e-02
-2.608030e-02
1.024810e-01
2.725130e-01
-9.566790e-01
-1.658870e-01
2.825820e-01
-9.447900e-01