1.018633e+01
6.745811e+00
9.545212e-02
5.914349e+00
8.300260e+00
2.311402e+00
3.726811e+00
1.291071e+01
2.783031e+01
1.997782e+01
2.549901e+00
7.951562e-01
6.594729e+00
6.181651e+00
5.587021e+00
2.091924e+00
0
0
0
0
0
0
1.345148e+00
0
0
1.643377e+00
3.446431e+01
2.927995e+01
1.533724e+00
2.463951e+00
2.027237e+00
1.482415e+00
2.920517e+00
0
0
-2.166844e+01
2.461947e+01
0
0
-3.628166e-01
1.343282e+00
3.015614e+01
4.775712e+01
0
0
0
0
0
0
0
1.027310e-01
5.766130e-02
-4.768160e-03
9.895230e-02
2.915520e-01
-9.514230e-01
-1.714310e-01
2.879960e-01
-9.421620e-01