8.135147e+00
1.862889e+01
6.309670e+01
7.268879e+01
6.482284e+01
3.633729e+01
2.113487e+01
-2.553466e+00
7.055636e+01
2.081082e+01
3.348994e+01
9.934109e+00
4.386796e+00
5.339850e+01
4.563136e+01
2.591549e+01
0
0
0
0
0
0
2.527409e+00
0
0
1.514832e+01
4.693847e+00
1.633383e+01
4.632861e+01
2.169738e+01
4.778800e+01
1.493842e+01
1.562025e+01
0
0
2.380747e+01
3.721521e+01
0
0
1.985650e-01
2.615662e+01
4.955776e+01
5.962791e+01
0
0
0
0
0
0
0
1.040230e-01
6.496320e-02
-1.863650e-01
1.394010e-01
2.514450e-01
-9.577800e-01
-1.124710e-01
3.031530e-01
-9.462810e-01