3.120361e+00
1.153142e+01
9.545212e-02
8.430080e+00
1.651340e+01
2.311720e+00
1.417549e+01
3.352484e+01
5.898407e+01
2.947800e+01
2.549901e+00
1.814092e+00
9.119257e+00
1.971217e+01
1.982352e+01
1.434641e+01
0
0
0
0
0
0
6.842258e+00
0
0
1.643377e+00
3.195781e+00
3.148429e+00
1.533724e+00
5.974205e+00
2.027237e+00
2.521402e+00
9.587482e+00
0
0
1.029215e+01
1.365071e+01
0
0
8.578855e+00
6.532936e+00
2.073882e+00
1.821773e+01
0
0
0
0
0
0
0
5.594610e-02
8.096130e-02
-4.189860e-02
1.122510e-01
2.885800e-01
-9.508530e-01
-1.453600e-01
3.042060e-01
-9.414510e-01