4.364036e+00
1.940960e+00
1.587664e+00
1.152277e+01
3.350516e+00
-6.762759e-02
-1.917409e+00
3.868905e+00
2.318940e+01
4.686759e+01
1.548386e+00
1.744509e+00
7.397111e+00
4.943642e+01
1.238636e+01
3.299335e+00
0
0
0
0
0
0
4.369846e+01
0
0
1.391079e+00
5.122181e+00
9.577185e+00
-3.054417e-03
1.227348e+00
1.733438e+00
9.722136e-01
1.189797e+01
0
0
3.785917e+01
4.766835e+00
0
0
2.276596e+01
4.143794e+00
2.244541e+00
1.210716e+01
0
0
0
0
0
0
0
1.074930e-01
4.757670e-02
-2.217120e-02
1.123430e-01
2.558320e-01
-9.601710e-01
-1.763390e-01
2.650950e-01
-9.479610e-01