4.263538e+00
6.129311e+00
5.967072e+00
3.839217e+01
3.383528e+01
7.642492e+00
4.313035e+00
7.830070e+00
2.467220e+01
3.319716e+00
1.750419e+00
1.744509e+00
5.113618e+00
7.943485e+00
2.324919e+01
1.126607e+01
0
0
0
0
0
0
1.966659e+01
0
0
1.391079e+00
1.617863e+00
2.776102e+00
-3.054417e-03
1.227348e+00
1.459086e+01
4.249034e+00
2.421765e+00
0
0
-3.932171e+00
3.574699e+00
0
0
3.066724e+01
2.918645e+01
2.244541e+00
7.308952e+00
0
0
0
0
0
0
0
1.301390e-01
4.492810e-02
-1.712840e-02
9.622680e-02
2.712560e-01
-9.576850e-01
-1.618930e-01
2.761960e-01
-9.473680e-01