2.497268e+00
2.595191e+01
7.487729e-01
2.930081e+01
4.407908e+01
6.983609e+00
1.126611e+01
4.673701e+01
6.712441e+01
2.268306e+01
3.676969e+00
1.578819e+00
5.403366e+00
8.974023e+00
7.294151e+00
1.451798e+01
0
0
0
0
0
0
2.527409e+00
0
0
1.643377e+00
2.132765e+00
5.248767e+00
1.870760e+01
2.169738e+01
3.089114e+00
3.702735e+00
3.980845e+00
0
0
1.411585e+01
2.609154e+01
0
0
2.440552e+00
6.382015e+00
2.073882e+00
4.179332e+01
0
0
0
0
0
0
0
-1.569630e-02
8.723920e-02
-9.371250e-02
1.230160e-01
2.918720e-01
-9.485140e-01
-1.148010e-01
3.253460e-01
-9.386000e-01