4.464290e+00
4.542793e+00
3.098537e+00
1.472511e+01
4.780789e+00
3.222076e+00
-2.444461e+00
2.136157e+00
6.418357e+00
9.678737e+00
1.750419e+00
1.744509e+00
6.691204e+00
5.068243e+00
6.364120e-01
-5.875629e-03
0
0
0
0
0
0
1.754112e+00
0
0
1.391079e+00
2.632285e+00
3.836659e+00
1.135217e+00
1.227348e+00
2.027237e+00
1.959420e+00
2.421765e+00
0
0
-1.098722e+01
4.603519e+00
0
0
3.688606e+00
4.427255e+00
2.244541e+00
7.447079e+00
0
0
0
0
0
0
0
1.764260e-01
5.015530e-02
-2.456440e-02
1.031170e-01
2.747820e-01
-9.559610e-01
-1.634070e-01
2.826360e-01
-9.452060e-01