1.439221e+01
6.834957e+00
2.548107e+01
2.607345e+01
9.206033e+00
4.684969e+00
-1.917409e+00
9.627346e+00
1.662958e+01
2.619300e+01
3.544925e+00
1.744509e+00
5.153455e+00
1.406018e+01
2.039260e+01
3.299335e+00
0
0
0
0
0
0
2.062642e+01
0
0
1.391079e+00
1.450945e+01
2.746703e+01
-3.054417e-03
1.227348e+00
1.733438e+00
4.619092e+00
9.533085e+00
0
0
4.059120e+01
6.853724e+00
0
0
4.506198e+01
1.613172e+01
6.598022e+00
3.716091e+01
0
0
0
0
0
0
0
8.039440e-02
4.665310e-02
-1.523820e-02
8.419860e-02
2.840090e-01
-9.551180e-01
-1.804090e-01
2.823370e-01
-9.421990e-01