2.108578e+00
1.940960e+00
1.587664e+00
7.613401e+00
4.371054e+00
1.024327e+00
3.111249e-01
1.262905e+00
1.184987e+01
1.050330e+01
1.548386e+00
1.744509e+00
4.097873e+00
1.223121e+01
2.590635e+00
3.299335e+00
0
0
0
0
0
0
1.089712e+00
0
0
1.391079e+00
1.617863e+00
6.358937e+00
-3.054417e-03
1.227348e+00
1.733438e+00
9.722136e-01
2.504525e+00
0
0
-3.209997e+00
2.499724e+00
0
0
6.005336e+00
4.143794e+00
2.244541e+00
5.408547e+00
0
0
0
0
0
0
0
1.519570e-01
5.156700e-02
-9.539220e-03
9.913090e-02
2.692370e-01
-9.579580e-01
-1.606850e-01
2.765990e-01
-9.474560e-01