2.108578e+00
1.940960e+00
1.587664e+00
7.613401e+00
3.350516e+00
-6.762759e-02
3.111249e-01
1.262905e+00
2.046383e+01
1.359060e+01
1.548386e+00
1.744509e+00
4.097873e+00
1.550976e+01
2.590635e+00
3.299335e+00
0
0
0
0
0
0
1.089712e+00
0
0
1.391079e+00
1.617863e+00
6.358937e+00
-3.054417e-03
1.227348e+00
1.733438e+00
9.722136e-01
2.504525e+00
0
0
-1.987653e+00
2.499724e+00
0
0
6.005336e+00
4.143794e+00
2.244541e+00
5.408547e+00
0
0
0
0
0
0
0
1.518050e-01
5.241010e-02
-1.137640e-02
9.584920e-02
2.735200e-01
-9.570790e-01
-1.428050e-01
2.805800e-01
-9.491480e-01