4.752385e+00
1.862889e+01
6.147976e+01
7.268879e+01
6.076924e+01
3.328917e+01
1.860727e+01
-2.553466e+00
7.055636e+01
1.930915e+01
1.919914e+01
4.888416e+00
4.386796e+00
5.229083e+01
4.563136e+01
2.591549e+01
0
0
0
0
0
0
2.527409e+00
0
0
1.514832e+01
4.693847e+00
1.633383e+01
3.948373e+01
2.169738e+01
4.778800e+01
9.328351e+00
8.363165e+00
0
0
1.815154e+01
3.721521e+01
0
0
1.985650e-01
1.883376e+01
3.415396e+01
5.479351e+01
0
0
0
0
0
0
0
5.172620e-02
6.516660e-02
-1.653400e-01
1.375320e-01
2.569290e-01
-9.565940e-01
-1.146050e-01
3.063340e-01
-9.450000e-01