2.497268e+00
1.974326e+01
1.828636e+00
5.876376e+01
5.756015e+01
9.341793e+00
6.720867e+00
2.426577e+01
6.591959e+01
1.930915e+01
6.976911e+00
4.888416e+00
4.386796e+00
3.338751e+00
8.306241e+00
7.772581e+00
0
0
0
0
0
0
2.527409e+00
0
0
3.746899e+00
8.592749e-01
7.587639e+00
2.239079e+01
2.169738e+01
7.838139e+00
3.702735e+00
3.980845e+00
0
0
-1.862942e+01
2.273848e+01
0
0
1.985650e-01
-3.377133e+00
3.259857e+00
4.837085e+01
0
0
0
0
0
0
0
-3.143090e-02
6.560580e-02
-1.119600e-01
1.307750e-01
2.701380e-01
-9.538990e-01
-1.193490e-01
3.139110e-01
-9.419210e-01