5.516405e+00
7.331692e+00
5.967072e+00
3.738534e+01
3.383528e+01
7.642492e+00
4.313035e+00
9.540050e+00
2.018181e+01
3.319716e+00
3.240640e+00
1.744509e+00
5.113618e+00
7.943485e+00
3.004319e+01
1.240374e+01
0
0
0
0
0
0
1.787852e+01
0
0
1.391079e+00
1.617863e+00
2.776102e+00
-3.054417e-03
1.227348e+00
1.023330e+01
4.249034e+00
2.421765e+00
0
0
-2.847245e+00
3.574699e+00
0
0
3.311444e+01
3.184680e+01
2.244541e+00
9.740723e+00
0
0
0
0
0
0
0
1.275600e-01
4.305420e-02
-1.633450e-02
9.518660e-02
2.668440e-01
-9.590280e-01
-1.635740e-01
2.718260e-01
-9.483430e-01