2.517919e+01
7.942764e+00
1.181362e+01
5.914349e+00
6.456375e+00
2.311402e+00
6.201819e+00
2.632727e+00
9.704993e+00
1.874455e+01
1.436690e+00
-2.899826e+00
1.312773e+01
1.895614e+01
1.767303e+00
-5.588420e-02
0
0
0
0
0
0
2.346936e+00
0
0
1.643377e+00
4.247033e+01
3.500629e+01
5.217046e+00
2.463951e+00
2.027237e+00
1.482415e+00
2.920517e+00
0
0
-2.138468e+01
3.132882e+01
0
0
-3.628166e-01
3.306118e-01
3.953681e+01
4.952385e+01
0
0
0
0
0
0
0
1.702520e-01
3.655070e-02
4.511350e-02
7.035680e-02
2.996500e-01
-9.514510e-01
-1.986680e-01
2.677530e-01
-9.427830e-01