1.617192e+01
9.817377e+00
7.312725e+01
5.298443e+01
6.753163e+01
4.281499e+01
2.622996e+01
-2.553466e+00
7.390064e+01
2.901356e+01
4.794848e+01
2.311759e+01
6.628636e+00
5.656374e+01
4.190019e+01
2.591549e+01
0
0
0
0
0
0
2.527409e+00
0
0
1.514832e+01
3.362210e+00
1.633383e+01
4.598168e+01
2.169738e+01
4.778800e+01
1.498541e+01
2.131704e+01
0
0
2.483636e+01
4.016595e+01
0
0
1.985650e-01
2.711838e+01
6.259000e+01
6.249400e+01
0
0
0
0
0
0
0
1.519940e-01
6.728230e-02
-2.161990e-01
1.478170e-01
2.402470e-01
-9.593910e-01
-1.031780e-01
3.017550e-01
-9.477860e-01