4.841072e+00
8.384051e+00
2.219834e+00
7.204492e+00
2.379967e+01
3.429568e+00
1.880794e+01
4.088621e+01
6.682899e+01
4.238599e+01
3.621865e+00
4.528181e+00
2.030376e+01
2.918654e+01
2.876436e+01
2.323270e+01
0
0
0
0
0
0
1.550632e+01
0
0
1.643377e+00
5.371526e+00
3.148429e+00
1.533724e+00
5.974205e+00
2.027237e+00
3.702735e+00
4.174122e+01
0
0
3.483016e+01
4.018424e+01
0
0
9.828438e+00
7.547765e+00
2.073882e+00
3.798846e+01
0
0
0
0
0
0
0
-1.064340e-02
9.110840e-02
-6.651360e-02
1.156170e-01
2.930410e-01
-9.490840e-01
-1.302380e-01
3.148520e-01
-9.401630e-01