8.112601e+00
1.940960e+00
1.106416e+01
1.748650e+01
3.350516e+00
1.228177e+00
-1.917409e+00
7.607801e+00
2.318940e+01
4.403482e+01
1.548386e+00
1.744509e+00
7.397111e+00
4.638933e+01
1.860823e+01
3.299335e+00
0
0
0
0
0
0
4.369846e+01
0
0
1.391079e+00
6.288693e+00
1.169268e+01
-3.054417e-03
1.227348e+00
1.733438e+00
2.084930e+00
1.289883e+01
0
0
4.007859e+01
5.803606e+00
0
0
3.684533e+01
1.793787e+01
2.244541e+00
2.087364e+01
0
0
0
0
0
0
0
7.064920e-02
3.787320e-02
-2.088880e-02
1.150890e-01
2.536690e-01
-9.604200e-01
-1.769230e-01
2.644010e-01
-9.480460e-01