5.014111e-01
-1.037618e+00
-4.715841e-02
4.533281e+00
1.802438e+00
-2.654413e+00
-4.708775e+00
6.074052e+00
6.412528e+01
1.939041e+01
8.942694e+00
1.744509e+00
3.505858e+01
3.036326e+01
-3.665226e-01
-5.875629e-03
0
0
0
0
0
0
2.764910e+00
0
0
1.391079e+00
2.632285e+00
1.678557e+00
1.135217e+00
1.227348e+00
2.027237e+00
4.508493e-01
3.426043e+00
0
0
-5.186037e+00
6.532576e+00
0
0
-3.628166e-01
-8.197367e-01
7.736247e+00
1.807442e+01
0
0
0
0
0
0
0
2.436180e-01
5.319770e-02
-2.481030e-02
1.063730e-01
2.811410e-01
-9.537530e-01
-1.709090e-01
2.866160e-01
-9.426780e-01