1.501890e+01
9.817377e+00
6.280431e+01
5.298443e+01
6.274070e+01
3.102536e+01
3.265461e+00
-2.553466e+00
7.390064e+01
3.207572e+00
1.889887e+01
1.659188e+00
6.628636e+00
5.081391e+01
1.027992e+01
2.489065e+01
0
0
0
0
0
0
2.527409e+00
0
0
1.396616e+01
1.446169e+00
1.633383e+01
1.505218e+01
1.636113e+01
4.778800e+01
3.228722e+00
1.038976e+00
0
0
-1.980932e+00
2.814330e+01
0
0
1.985650e-01
2.426825e+01
2.361665e+01
6.113413e+01
0
0
0
0
0
0
0
1.307300e-01
6.830460e-02
-1.775370e-01
1.482410e-01
2.395790e-01
-9.594930e-01
-1.022580e-01
3.031670e-01
-9.474350e-01