1.989365e+00
1.153142e+01
9.545212e-02
8.430080e+00
1.541978e+01
2.311720e+00
3.898441e+00
1.986484e+01
4.601247e+01
2.122682e+01
2.549901e+00
1.814092e+00
7.608875e+00
3.006468e+00
9.350755e+00
8.482513e+00
0
0
0
0
0
0
2.384025e+00
0
0
1.643377e+00
3.195781e+00
3.148429e+00
1.533724e+00
4.779859e+00
2.027237e+00
2.521402e+00
2.920517e+00
0
0
-9.057825e+00
9.283628e+00
0
0
6.646455e+00
2.462287e+00
2.073882e+00
9.818541e+00
0
0
0
0
0
0
0
7.576180e-02
6.599460e-02
-3.154100e-02
1.117470e-01
2.769340e-01
-9.543690e-01
-1.487690e-01
2.921390e-01
-9.447340e-01