1.989365e+00
1.153142e+01
9.545212e-02
8.430080e+00
1.651340e+01
2.311720e+00
1.178339e+01
3.015249e+01
5.739246e+01
2.841121e+01
2.549901e+00
1.814092e+00
7.608875e+00
1.322892e+01
1.750098e+01
1.170883e+01
0
0
0
0
0
0
5.432112e+00
0
0
1.643377e+00
3.195781e+00
3.148429e+00
1.533724e+00
5.974205e+00
2.027237e+00
2.521402e+00
5.856992e+00
0
0
4.149274e+00
1.156377e+01
0
0
8.578855e+00
5.062120e+00
2.073882e+00
1.503609e+01
0
0
0
0
0
0
0
5.604000e-02
8.023430e-02
-3.863780e-02
1.114270e-01
2.855950e-01
-9.518500e-01
-1.467680e-01
3.008420e-01
-9.423130e-01