6.853846e+00
-1.037618e+00
1.315030e+01
3.279065e+01
6.699303e+00
-2.654413e+00
-4.708775e+00
3.489966e+00
2.528674e+01
2.473166e+01
6.792553e+00
1.744509e+00
1.420606e+01
1.355836e+01
-3.665226e-01
-5.875629e-03
0
0
0
0
0
0
1.754112e+00
0
0
1.391079e+00
2.632285e+00
1.678557e+00
1.135217e+00
1.227348e+00
2.027237e+00
1.200980e+01
3.426043e+00
0
0
-5.970556e+00
4.408041e+00
0
0
-3.628166e-01
3.787856e-01
4.991599e+00
1.149315e+01
0
0
0
0
0
0
0
2.711520e-01
5.465570e-02
-2.674700e-02
8.683630e-02
2.595700e-01
-9.618120e-01
-1.665240e-01
2.679450e-01
-9.489340e-01