2.497268e+00
8.384051e+00
3.242485e+00
8.260788e+00
2.418812e+01
2.212148e+00
1.007899e+01
2.545453e+01
7.217747e+01
4.878161e+01
2.568056e+00
3.379833e+00
2.183738e+01
2.563823e+01
7.382682e+00
4.236839e+00
0
0
0
0
0
0
9.823110e+00
0
0
1.643377e+00
6.123221e+00
3.148429e+00
1.533724e+00
1.675462e+01
2.027237e+00
3.702735e+00
4.462064e+01
0
0
4.503712e+01
3.786726e+01
0
0
6.825846e+00
1.187259e+00
2.073882e+00
4.253554e+01
0
0
0
0
0
0
0
-6.952050e-02
9.627450e-02
-8.096620e-02
1.180470e-01
2.863160e-01
-9.508350e-01
-1.138770e-01
3.102580e-01
-9.438070e-01