5.014111e-01
1.102546e+00
-4.715841e-02
4.533281e+00
1.802438e+00
-2.654413e+00
-1.013458e+00
6.074052e+00
5.864852e+01
1.463686e+01
1.594981e+00
1.744509e+00
6.116615e+00
1.105922e+01
-3.665226e-01
-5.875629e-03
0
0
0
0
0
0
1.672286e+00
0
0
1.391079e+00
2.632285e+00
3.750300e+00
1.135217e+00
2.463951e+00
2.027237e+00
4.508493e-01
3.426043e+00
0
0
-1.210337e+01
4.158269e+00
0
0
-3.628166e-01
-8.197367e-01
6.688205e+00
1.093411e+01
0
0
0
0
0
0
0
1.306940e-01
5.363880e-02
-1.149900e-02
1.102350e-01
2.758210e-01
-9.548670e-01
-1.702600e-01
2.821290e-01
-9.441480e-01