9.549599e+00
2.570698e+00
1.454299e+01
9.837380e+00
7.902495e+00
2.199461e+00
6.123102e+00
9.627346e+00
1.016880e+01
1.540669e+01
1.484363e+00
1.744509e+00
5.153455e+00
4.235682e+00
1.850915e+01
5.753077e+00
0
0
0
0
0
0
5.061483e+00
0
0
1.391079e+00
7.335869e+00
6.429750e+00
-3.054417e-03
1.227348e+00
1.733438e+00
2.343274e+00
4.667859e+00
0
0
-3.137018e+00
6.853724e+00
0
0
1.183113e+01
7.050192e+00
6.598022e+00
2.790737e+01
0
0
0
0
0
0
0
1.252960e-01
4.416070e-02
2.448390e-02
7.629960e-02
2.960730e-01
-9.521130e-01
-1.892170e-01
2.880670e-01
-9.387300e-01