2.242498e+00
6.129311e+00
4.751072e+00
3.255919e+01
2.222640e+01
6.638341e+00
-1.356221e+00
3.431350e+00
2.005413e+01
3.319716e+00
1.750419e+00
1.744509e+00
4.084297e+00
4.044783e+00
1.017429e+01
5.850033e+00
0
0
0
0
0
0
9.499589e+00
0
0
1.391079e+00
1.617863e+00
2.776102e+00
1.135217e+00
1.227348e+00
7.886453e+00
3.085976e+00
2.421765e+00
0
0
-5.674249e+00
3.574699e+00
0
0
2.400584e+01
2.459145e+01
2.244541e+00
6.039065e+00
0
0
0
0
0
0
0
1.373340e-01
4.944230e-02
-1.512210e-02
9.609080e-02
2.690260e-01
-9.583280e-01
-1.630850e-01
2.749920e-01
-9.475140e-01