2.497268e+00
2.595191e+01
7.487729e-01
3.842915e+01
5.756015e+01
8.183038e+00
1.126611e+01
4.394841e+01
6.591959e+01
2.041417e+01
6.976911e+00
2.682018e+00
5.403366e+00
3.338751e+00
7.294151e+00
9.237148e+00
0
0
0
0
0
0
2.527409e+00
0
0
1.643377e+00
8.592749e-01
5.248767e+00
2.020733e+01
2.169738e+01
4.361972e+00
3.702735e+00
3.980845e+00
0
0
-8.751591e+00
2.609154e+01
0
0
2.440552e+00
2.938271e+00
3.259857e+00
4.303742e+01
0
0
0
0
0
0
0
-2.572140e-02
7.139490e-02
-9.585480e-02
1.278190e-01
2.859120e-01
-9.496930e-01
-1.161520e-01
3.224660e-01
-9.394280e-01