2.133393e+01
6.834957e+00
3.962643e+01
4.177811e+01
8.199155e+00
6.098790e+00
-1.917409e+00
1.067600e+01
1.804323e+01
2.593577e+01
3.639298e+00
1.744509e+00
5.153455e+00
1.562213e+01
1.578628e+01
3.299335e+00
0
0
0
0
0
0
2.678462e+01
0
0
1.391079e+00
1.450945e+01
2.644931e+01
-3.054417e-03
1.227348e+00
1.733438e+00
5.850495e+00
1.206611e+01
0
0
4.431538e+01
6.853724e+00
0
0
5.039275e+01
2.677938e+01
5.356510e+00
3.927345e+01
0
0
0
0
0
0
0
7.809320e-02
3.588680e-02
-1.910670e-02
1.157760e-01
2.547010e-01
-9.600640e-01
-1.785870e-01
2.659450e-01
-9.473010e-01