2.497268e+00
2.342539e+01
7.487729e-01
4.203403e+01
5.756015e+01
8.183038e+00
1.126611e+01
4.088247e+01
6.591959e+01
1.930915e+01
6.976911e+00
4.888416e+00
4.386796e+00
3.338751e+00
7.294151e+00
9.237148e+00
0
0
0
0
0
0
2.527409e+00
0
0
2.735415e+00
8.592749e-01
5.248767e+00
2.135639e+01
2.169738e+01
6.760080e+00
3.702735e+00
3.980845e+00
0
0
-1.664468e+01
1.852029e+01
0
0
1.234372e+00
-3.377133e+00
3.259857e+00
4.552560e+01
0
0
0
0
0
0
0
-3.143090e-02
6.560580e-02
-9.814370e-02
1.314640e-01
2.753710e-01
-9.523070e-01
-1.225030e-01
3.150680e-01
-9.411300e-01