1.346130e+01
6.745811e+00
9.545212e-02
5.914349e+00
8.300260e+00
2.311402e+00
4.978661e+00
1.291071e+01
2.569396e+01
1.997782e+01
2.549901e+00
7.951562e-01
6.594729e+00
8.293197e+00
5.587021e+00
2.091924e+00
0
0
0
0
0
0
1.345148e+00
0
0
1.643377e+00
3.849982e+01
3.241763e+01
1.533724e+00
2.463951e+00
2.027237e+00
1.482415e+00
2.920517e+00
0
0
-2.171667e+01
2.686789e+01
0
0
-3.628166e-01
1.343282e+00
3.404966e+01
5.066160e+01
0
0
0
0
0
0
0
1.062020e-01
5.751290e-02
-4.311390e-03
9.554790e-02
2.937150e-01
-9.511060e-01
-1.756710e-01
2.862510e-01
-9.419130e-01