2.497268e+00
2.595191e+01
7.487729e-01
3.037107e+01
4.704147e+01
6.983609e+00
1.126611e+01
4.673701e+01
6.712441e+01
2.268306e+01
3.676969e+00
1.578819e+00
5.403366e+00
5.655417e+00
7.294151e+00
1.451798e+01
0
0
0
0
0
0
2.527409e+00
0
0
1.643377e+00
8.592749e-01
5.248767e+00
1.870760e+01
2.169738e+01
3.089114e+00
3.702735e+00
3.980845e+00
0
0
4.041672e+00
2.609154e+01
0
0
2.440552e+00
6.382015e+00
2.073882e+00
4.179332e+01
0
0
0
0
0
0
0
-1.915330e-02
7.797030e-02
-9.545850e-02
1.243600e-01
2.893480e-01
-9.491110e-01
-1.149170e-01
3.232460e-01
-9.393120e-01