1.121239e+01
-1.037618e+00
1.808012e+01
3.968036e+01
1.050292e+01
2.594615e-01
-3.613059e+00
3.489966e+00
1.824640e+01
2.598618e+01
6.792553e+00
1.744509e+00
1.420606e+01
1.355836e+01
6.364120e-01
-5.875629e-03
0
0
0
0
0
0
1.754112e+00
0
0
1.391079e+00
2.632285e+00
1.678557e+00
1.135217e+00
1.227348e+00
2.027237e+00
1.369087e+01
3.426043e+00
0
0
-7.492361e+00
4.408041e+00
0
0
2.632607e+00
3.957734e+00
4.991599e+00
1.149315e+01
0
0
0
0
0
0
0
2.858950e-01
5.766340e-02
-2.724800e-02
8.646800e-02
2.590270e-01
-9.619920e-01
-1.668380e-01
2.678060e-01
-9.489180e-01