1.311877e+01
5.539633e+00
1.454299e+01
1.355963e+01
7.902495e+00
2.199461e+00
4.418790e-01
9.627346e+00
1.662958e+01
1.775401e+01
2.503566e+00
1.744509e+00
5.153455e+00
8.852212e+00
1.991379e+01
4.406919e+00
0
0
0
0
0
0
7.837083e+00
0
0
1.391079e+00
1.163900e+01
1.332680e+01
-3.054417e-03
1.227348e+00
1.733438e+00
3.351000e+00
5.712717e+00
0
0
1.515779e+01
6.853724e+00
0
0
1.633156e+01
1.134743e+01
6.598022e+00
2.921198e+01
0
0
0
0
0
0
0
1.172980e-01
4.665310e-02
3.585410e-03
7.844950e-02
2.962150e-01
-9.518940e-01
-1.881570e-01
2.904570e-01
-9.382060e-01