9.549599e+00
2.570698e+00
1.577098e+01
7.732530e+00
7.902495e+00
2.199461e+00
6.123102e+00
9.627346e+00
6.389347e+00
1.104552e+01
1.484363e+00
1.744509e+00
5.153455e+00
3.222928e+00
1.506560e+01
5.753077e+00
0
0
0
0
0
0
2.704806e+00
0
0
1.391079e+00
6.024475e+00
4.124546e+00
-3.054417e-03
1.227348e+00
1.733438e+00
1.324396e+00
4.667859e+00
0
0
-8.562273e+00
7.891885e+00
0
0
7.639509e+00
4.964359e+00
5.385257e+00
2.611607e+01
0
0
0
0
0
0
0
1.251400e-01
4.170010e-02
3.397880e-02
8.141290e-02
2.938430e-01
-9.523800e-01
-1.820170e-01
2.880450e-01
-9.401600e-01