5.516405e+00
2.635346e+00
5.967072e+00
3.050613e+01
3.274454e+01
7.642492e+00
1.183061e+01
1.733058e+01
2.018181e+01
2.315779e+00
4.387769e+00
1.744509e+00
5.113618e+00
9.861881e+00
4.486948e+01
2.090979e+01
0
0
0
0
0
0
6.757789e+00
0
0
1.391079e+00
1.617863e+00
2.776102e+00
-3.054417e-03
1.227348e+00
1.370533e+01
7.412601e+00
2.421765e+00
0
0
-1.975113e+00
2.499724e+00
0
0
2.980591e+01
3.184680e+01
2.244541e+00
9.740723e+00
0
0
0
0
0
0
0
1.300380e-01
4.048650e-02
-1.454540e-02
9.562560e-02
2.703670e-01
-9.579970e-01
-1.630610e-01
2.761580e-01
-9.471790e-01