4.464290e+00
4.542793e+00
3.098537e+00
1.323520e+01
4.780789e+00
3.222076e+00
-2.444461e+00
2.136157e+00
6.418357e+00
8.365960e+00
1.750419e+00
1.744509e+00
6.691204e+00
4.044783e+00
6.364120e-01
-5.875629e-03
0
0
0
0
0
0
1.754112e+00
0
0
1.391079e+00
2.632285e+00
3.836659e+00
1.135217e+00
1.227348e+00
2.027237e+00
1.959420e+00
2.421765e+00
0
0
-1.093780e+01
4.603519e+00
0
0
5.056692e+00
4.427255e+00
2.244541e+00
7.447079e+00
0
0
0
0
0
0
0
1.573810e-01
5.116780e-02
-2.163420e-02
1.031720e-01
2.734150e-01
-9.563470e-01
-1.632190e-01
2.809630e-01
-9.457370e-01