3.275723e+00
4.542793e+00
1.994946e+00
1.167099e+01
4.780789e+00
2.213289e+00
-2.444461e+00
2.136157e+00
6.418357e+00
8.365960e+00
1.750419e+00
1.744509e+00
6.691204e+00
4.044783e+00
6.364120e-01
-5.875629e-03
0
0
0
0
0
0
1.754112e+00
0
0
1.391079e+00
2.632285e+00
3.836659e+00
1.135217e+00
1.227348e+00
2.027237e+00
1.959420e+00
2.421765e+00
0
0
-1.068180e+01
4.603519e+00
0
0
7.657156e+00
4.427255e+00
2.244541e+00
6.039065e+00
0
0
0
0
0
0
0
1.413680e-01
5.203700e-02
-1.481710e-02
1.030800e-01
2.710490e-01
-9.570300e-01
-1.623640e-01
2.779350e-01
-9.467790e-01