4.841072e+00
8.384051e+00
2.219834e+00
7.204492e+00
2.379967e+01
3.429568e+00
1.769713e+01
4.088621e+01
6.682899e+01
4.663760e+01
2.568056e+00
4.528181e+00
2.351486e+01
2.918654e+01
2.724080e+01
2.323270e+01
0
0
0
0
0
0
1.550632e+01
0
0
1.643377e+00
7.656958e+00
3.148429e+00
1.533724e+00
8.982082e+00
2.027237e+00
3.702735e+00
4.357945e+01
0
0
3.729376e+01
4.018424e+01
0
0
9.828438e+00
5.695942e+00
2.073882e+00
3.961571e+01
0
0
0
0
0
0
0
-3.093690e-02
9.145360e-02
-7.153810e-02
1.166830e-01
2.925000e-01
-9.491200e-01
-1.264410e-01
3.145480e-01
-9.407830e-01