4.263459e+00
1.614543e+00
3.795510e+00
2.825424e+01
2.234350e+01
5.113737e+00
9.309768e+00
1.564369e+01
2.657770e+01
2.315779e+00
4.387769e+00
1.744509e+00
5.113618e+00
9.861881e+00
4.486948e+01
1.985485e+01
0
0
0
0
0
0
1.455364e+01
0
0
1.391079e+00
1.617863e+00
2.776102e+00
-3.054417e-03
1.227348e+00
1.007476e+01
7.412601e+00
3.634719e+00
0
0
-2.811879e+00
2.499724e+00
0
0
2.662353e+01
3.184680e+01
2.244541e+00
9.740723e+00
0
0
0
0
0
0
0
1.296930e-01
4.150930e-02
-1.520480e-02
1.020660e-01
2.882150e-01
-9.521110e-01
-1.633690e-01
2.956740e-01
-9.412160e-01