1.073035e+01
1.102546e+00
4.555532e+01
6.934808e+00
7.994396e+00
-2.654413e+00
7.267166e+00
2.924687e-01
2.440281e+00
1.883263e+01
3.757922e-01
-1.893351e+00
3.774608e+00
1.083527e+01
-3.665226e-01
-1.056454e+00
0
0
0
0
0
0
1.672286e+00
0
0
1.391079e+00
1.659375e+01
1.234636e+01
2.213857e+00
2.463951e+00
2.027237e+00
4.508493e-01
1.015781e+01
0
0
6.323164e+00
4.328007e+00
0
0
-3.628166e-01
-8.197367e-01
6.453646e+00
2.868179e+01
0
0
0
0
0
0
0
1.813060e-01
2.748030e-02
7.796900e-02
9.127220e-02
2.993570e-01
-9.497660e-01
-1.802900e-01
2.945960e-01
-9.384610e-01