4.812816e+00
2.570698e+00
5.205038e+00
5.484666e+00
6.796803e+00
2.199461e+00
4.060980e+00
8.553470e+00
9.968993e+00
1.317737e+01
1.484363e+00
1.744509e+00
5.153455e+00
6.095839e+00
1.506560e+01
4.656145e+00
0
0
0
0
0
0
2.704806e+00
0
0
1.391079e+00
6.024475e+00
2.850882e+00
-3.054417e-03
1.227348e+00
1.733438e+00
1.324396e+00
4.667859e+00
0
0
-1.026170e+01
6.827963e+00
0
0
7.639509e+00
3.726869e+00
4.283901e+00
1.815312e+01
0
0
0
0
0
0
0
1.300410e-01
4.328240e-02
2.445340e-02
8.402640e-02
2.799820e-01
-9.563210e-01
-1.789910e-01
2.769600e-01
-9.440630e-01