4.841072e+00
8.384051e+00
2.219834e+00
7.204492e+00
2.231898e+01
3.429568e+00
1.880794e+01
4.088621e+01
6.548815e+01
3.873404e+01
3.621865e+00
4.528181e+00
1.922754e+01
2.918654e+01
2.876436e+01
2.323270e+01
0
0
0
0
0
0
1.550632e+01
0
0
1.643377e+00
4.317795e+00
3.148429e+00
1.533724e+00
5.974205e+00
2.027237e+00
3.702735e+00
4.034685e+01
0
0
3.301867e+01
3.774577e+01
0
0
9.828438e+00
7.547765e+00
2.073882e+00
3.644336e+01
0
0
0
0
0
0
0
-9.311630e-03
9.105620e-02
-6.266570e-02
1.149520e-01
2.957630e-01
-9.483200e-01
-1.325000e-01
3.166830e-01
-9.392310e-01