3.011714e+01
4.793121e+00
4.072601e+01
5.914349e+00
2.412100e+01
-1.328275e+00
6.201819e+00
-8.266793e-01
3.490348e+00
1.996964e+01
3.757922e-01
-2.899826e+00
1.438034e+01
2.226824e+01
6.516769e-01
-1.056454e+00
0
0
0
0
0
0
1.021965e+01
0
0
9.158216e+00
3.729797e+01
6.947961e+00
1.034458e+01
2.463951e+00
2.027237e+00
4.508493e-01
5.480175e+00
0
0
-2.022784e+01
2.565361e+01
0
0
-3.628166e-01
-8.197367e-01
1.234657e+01
4.528118e+01
0
0
0
0
0
0
0
2.023440e-01
2.785600e-02
9.762860e-02
6.251400e-02
3.045370e-01
-9.504470e-01
-2.038040e-01
2.696610e-01
-9.411410e-01