2.616180e+00
1.102546e+00
-4.715841e-02
4.533281e+00
1.802438e+00
-2.654413e+00
4.566239e+00
7.170192e+00
2.117340e+01
1.618277e+01
3.757922e-01
6.895778e-01
3.774608e+00
9.693985e+00
-3.665226e-01
-5.875629e-03
0
0
0
0
0
0
1.672286e+00
0
0
1.391079e+00
2.632285e+00
5.931289e+00
1.135217e+00
2.463951e+00
2.027237e+00
4.508493e-01
3.426043e+00
0
0
-9.879767e+00
3.108274e+00
0
0
-3.628166e-01
-8.197367e-01
5.323932e+00
1.194121e+01
0
0
0
0
0
0
0
1.333950e-01
4.881940e-02
-4.084090e-03
1.010990e-01
2.803610e-01
-9.545560e-01
-1.602480e-01
2.883940e-01
-9.440070e-01