5.014111e-01
-1.037618e+00
-4.715841e-02
7.781654e+00
7.932262e-01
-2.654413e+00
-4.708775e+00
3.489966e+00
4.917147e+01
1.721255e+01
6.792553e+00
1.744509e+00
2.061332e+01
2.212963e+01
-3.665226e-01
-5.875629e-03
0
0
0
0
0
0
2.764910e+00
0
0
1.391079e+00
2.632285e+00
1.678557e+00
1.135217e+00
1.227348e+00
2.027237e+00
4.508493e-01
3.426043e+00
0
0
-6.183183e+00
5.509924e+00
0
0
-3.628166e-01
-8.197367e-01
6.225261e+00
1.459933e+01
0
0
0
0
0
0
0
2.447460e-01
5.227210e-02
-2.537520e-02
9.167130e-02
2.708820e-01
-9.582380e-01
-1.610440e-01
2.792720e-01
-9.466110e-01