1.590589e+01
1.102546e+00
4.555532e+01
6.934808e+00
2.831974e+01
-2.654413e+00
6.201819e+00
-8.266793e-01
2.440281e+00
1.996964e+01
3.757922e-01
-1.893351e+00
5.625499e+00
2.226824e+01
6.516769e-01
-1.056454e+00
0
0
0
0
0
0
8.728462e+00
0
0
8.304195e+00
2.898572e+01
5.926241e+00
1.142972e+01
2.463951e+00
2.027237e+00
4.508493e-01
1.015781e+01
0
0
-1.219883e+01
1.834861e+01
0
0
-3.628166e-01
-8.197367e-01
6.453646e+00
3.703856e+01
0
0
0
0
0
0
0
1.997570e-01
2.639980e-02
9.595510e-02
7.124230e-02
2.894120e-01
-9.545500e-01
-1.937310e-01
2.680120e-01
-9.437360e-01