5.516405e+00
6.171786e+00
5.967072e+00
3.633645e+01
3.274454e+01
7.642492e+00
1.023160e+01
1.329060e+01
2.018181e+01
2.315779e+00
4.387769e+00
1.744509e+00
5.113618e+00
7.943485e+00
4.048629e+01
1.845310e+01
0
0
0
0
0
0
1.199224e+01
0
0
1.391079e+00
1.617863e+00
2.776102e+00
-3.054417e-03
1.227348e+00
1.262380e+01
5.459366e+00
2.421765e+00
0
0
-1.867847e+00
2.499724e+00
0
0
3.311444e+01
3.184680e+01
2.244541e+00
9.740723e+00
0
0
0
0
0
0
0
1.327810e-01
4.175290e-02
-1.556890e-02
9.486950e-02
2.689830e-01
-9.584610e-01
-1.648630e-01
2.742620e-01
-9.474180e-01