2.108578e+00
1.940960e+00
1.587664e+00
1.015436e+01
3.350516e+00
-6.762759e-02
-1.917409e+00
3.868905e+00
2.318940e+01
3.634855e+01
1.548386e+00
1.744509e+00
5.162217e+00
3.107288e+01
2.590635e+00
3.299335e+00
0
0
0
0
0
0
1.917516e+01
0
0
1.391079e+00
3.946927e+00
6.358937e+00
-3.054417e-03
1.227348e+00
1.733438e+00
9.722136e-01
3.819479e+00
0
0
2.370360e+01
3.556791e+00
0
0
1.112920e+01
4.143794e+00
2.244541e+00
6.520330e+00
0
0
0
0
0
0
0
1.470130e-01
5.064220e-02
-2.145010e-02
9.941150e-02
2.746510e-01
-9.563910e-01
-1.686170e-01
2.819870e-01
-9.444850e-01