3.953054e+00
6.745811e+00
9.545212e-02
7.107107e+00
8.300260e+00
1.205514e+00
1.296965e+00
9.414349e+00
2.783031e+01
1.805347e+01
2.549901e+00
7.951562e-01
6.594729e+00
3.300875e+00
4.259512e+00
2.091924e+00
0
0
0
0
0
0
1.345148e+00
0
0
1.643377e+00
2.086390e+01
1.437968e+01
1.533724e+00
2.463951e+00
2.027237e+00
1.482415e+00
2.920517e+00
0
0
-2.152657e+01
1.583710e+01
0
0
-3.628166e-01
1.343282e+00
1.834394e+01
3.353152e+01
0
0
0
0
0
0
0
1.000630e-01
5.766130e-02
-1.240390e-02
1.040750e-01
2.901040e-01
-9.513190e-01
-1.642710e-01
2.928420e-01
-9.419440e-01