3.508228e+00
8.384051e+00
3.242485e+00
7.204492e+00
2.418812e+01
2.212148e+00
1.007899e+01
2.545453e+01
7.217747e+01
4.878161e+01
2.568056e+00
3.379833e+00
2.351486e+01
2.563823e+01
8.880782e+00
4.236839e+00
0
0
0
0
0
0
1.091704e+01
0
0
1.643377e+00
8.637585e+00
3.148429e+00
1.533724e+00
1.675462e+01
2.027237e+00
3.702735e+00
4.462064e+01
0
0
4.585607e+01
3.786726e+01
0
0
6.825846e+00
1.187259e+00
2.073882e+00
4.253554e+01
0
0
0
0
0
0
0
-6.952050e-02
9.571900e-02
-8.096620e-02
1.173830e-01
2.843240e-01
-9.515150e-01
-1.139040e-01
3.089190e-01
-9.442430e-01