3.251704e+00
6.129311e+00
5.967072e+00
3.839217e+01
3.141350e+01
7.642492e+00
3.096268e+00
6.724051e+00
2.328646e+01
3.319716e+00
1.750419e+00
1.744509e+00
4.084297e+00
7.943485e+00
1.912431e+01
8.617202e+00
0
0
0
0
0
0
1.966659e+01
0
0
1.391079e+00
1.617863e+00
2.776102e+00
-3.054417e-03
1.227348e+00
1.459086e+01
4.249034e+00
2.421765e+00
0
0
-4.695620e+00
3.574699e+00
0
0
2.925443e+01
2.918645e+01
2.244541e+00
7.308952e+00
0
0
0
0
0
0
0
1.339540e-01
4.563830e-02
-1.692420e-02
9.649570e-02
2.738840e-01
-9.569100e-01
-1.611610e-01
2.793930e-01
-9.465550e-01