2.497268e+00
8.384051e+00
3.242485e+00
8.260788e+00
2.669849e+01
3.336860e+00
1.007899e+01
2.848400e+01
6.899556e+01
4.878161e+01
2.568056e+00
3.379833e+00
2.053243e+01
2.563823e+01
3.086647e+00
4.236839e+00
0
0
0
0
0
0
7.525686e+00
0
0
1.643377e+00
4.681066e+00
3.148429e+00
2.551859e+00
1.675462e+01
2.027237e+00
3.702735e+00
3.441894e+01
0
0
4.129840e+01
3.898386e+01
0
0
5.752228e+00
1.187259e+00
2.073882e+00
4.359601e+01
0
0
0
0
0
0
0
-6.857590e-02
9.649580e-02
-8.106580e-02
1.182420e-01
2.894430e-01
-9.498640e-01
-1.115380e-01
3.126480e-01
-9.432980e-01