1.069542e+01
-1.037618e+00
1.667378e+01
2.465738e+01
9.239733e+00
3.222076e+00
-2.444461e+00
4.546353e+00
7.429297e+00
2.365091e+01
6.792553e+00
1.744509e+00
1.115604e+01
1.220102e+01
6.364120e-01
-5.875629e-03
0
0
0
0
0
0
1.754112e+00
0
0
1.391079e+00
2.632285e+00
2.811337e+00
1.135217e+00
1.227348e+00
2.027237e+00
5.336726e+00
3.426043e+00
0
0
-8.394911e+00
5.608909e+00
0
0
3.688606e+00
7.507607e+00
4.991599e+00
1.149315e+01
0
0
0
0
0
0
0
2.977230e-01
5.422620e-02
-2.607660e-02
1.022770e-01
2.878840e-01
-9.521880e-01
-1.646430e-01
2.977790e-01
-9.403300e-01