1.673869e+01
6.745811e+00
9.545212e-02
5.914349e+00
8.300260e+00
2.311402e+00
4.978661e+00
1.291071e+01
2.189171e+01
1.997782e+01
2.549901e+00
-2.594306e-01
8.652869e+00
1.233127e+01
5.587021e+00
2.091924e+00
0
0
0
0
0
0
1.345148e+00
0
0
1.643377e+00
4.247033e+01
3.621609e+01
1.533724e+00
2.463951e+00
2.027237e+00
1.482415e+00
2.920517e+00
0
0
-2.180141e+01
3.303690e+01
0
0
-3.628166e-01
1.343282e+00
4.011890e+01
5.211384e+01
0
0
0
0
0
0
0
1.108150e-01
5.323480e-02
1.609420e-03
8.789130e-02
2.954390e-01
-9.513100e-01
-1.832780e-01
2.810490e-01
-9.420300e-01