2.013845e+01
6.834957e+00
3.415427e+01
3.852974e+01
9.206033e+00
6.098790e+00
-1.917409e+00
1.067600e+01
1.662958e+01
2.924180e+01
4.775488e+00
1.744509e+00
5.153455e+00
1.581084e+01
1.578628e+01
3.299335e+00
0
0
0
0
0
0
3.211351e+01
0
0
1.391079e+00
1.450945e+01
2.746703e+01
-3.054417e-03
1.227348e+00
1.733438e+00
5.850495e+00
1.073813e+01
0
0
4.418438e+01
6.853724e+00
0
0
4.772086e+01
2.549778e+01
6.598022e+00
4.544087e+01
0
0
0
0
0
0
0
7.641340e-02
4.258710e-02
-1.870850e-02
9.107970e-02
2.817390e-01
-9.551580e-01
-1.692350e-01
2.852870e-01
-9.433830e-01