1.989365e+00
1.153142e+01
9.545212e-02
8.430080e+00
1.083717e+01
1.205514e+00
5.291072e-02
8.341233e+00
3.533763e+01
1.235236e+01
2.549901e+00
1.814092e+00
6.594729e+00
1.918649e+00
1.603751e+00
3.300860e+00
0
0
0
0
0
0
1.345148e+00
0
0
1.643377e+00
3.195781e+00
3.148429e+00
1.533724e+00
2.463951e+00
2.027237e+00
1.482415e+00
2.920517e+00
0
0
-1.679529e+01
8.178599e+00
0
0
4.523310e+00
2.462287e+00
2.073882e+00
8.508486e+00
0
0
0
0
0
0
0
7.819200e-02
6.076080e-02
-2.743880e-02
1.108960e-01
2.730910e-01
-9.555750e-01
-1.504690e-01
2.891610e-01
-9.453810e-01