1.989365e+00
1.153142e+01
9.545212e-02
8.430080e+00
1.403669e+01
2.311720e+00
2.407090e+00
1.387696e+01
4.440734e+01
1.774603e+01
2.549901e+00
1.814092e+00
6.594729e+00
3.006468e+00
4.980842e+00
7.104099e+00
0
0
0
0
0
0
1.345148e+00
0
0
1.643377e+00
3.195781e+00
3.148429e+00
1.533724e+00
4.779859e+00
2.027237e+00
1.482415e+00
2.920517e+00
0
0
-1.324830e+01
9.283628e+00
0
0
5.567586e+00
2.462287e+00
2.073882e+00
8.508486e+00
0
0
0
0
0
0
0
7.714950e-02
6.510770e-02
-2.918590e-02
1.115290e-01
2.757330e-01
-9.547420e-01
-1.500220e-01
2.911670e-01
-9.448360e-01