2.133393e+01
5.422124e+00
3.962643e+01
3.478644e+01
8.199155e+00
4.773410e+00
-1.917409e+00
1.221407e+01
1.941544e+01
2.593577e+01
3.639298e+00
1.744509e+00
6.359799e+00
1.562213e+01
1.685748e+01
3.299335e+00
0
0
0
0
0
0
3.056082e+01
0
0
1.391079e+00
1.450945e+01
2.644931e+01
-3.054417e-03
1.227348e+00
1.733438e+00
5.850495e+00
1.206611e+01
0
0
4.340222e+01
6.853724e+00
0
0
4.894814e+01
2.793431e+01
4.325351e+00
3.781203e+01
0
0
0
0
0
0
0
7.758290e-02
3.771800e-02
-2.066570e-02
1.010000e-01
2.687540e-01
-9.578990e-01
-1.411360e-01
2.772880e-01
-9.503640e-01