1.186096e+01
3.879099e+00
1.454299e+01
9.837380e+00
7.902495e+00
2.199461e+00
3.642234e+00
9.627346e+00
1.561323e+01
1.667169e+01
2.503566e+00
1.744509e+00
5.153455e+00
5.319165e+00
1.991379e+01
5.753077e+00
0
0
0
0
0
0
6.381177e+00
0
0
1.391079e+00
9.784142e+00
7.451475e+00
-3.054417e-03
1.227348e+00
1.733438e+00
2.343274e+00
4.667859e+00
0
0
1.703303e+00
6.853724e+00
0
0
1.183113e+01
8.057855e+00
6.598022e+00
2.921198e+01
0
0
0
0
0
0
0
1.222410e-01
4.655420e-02
1.340510e-02
7.754090e-02
2.882790e-01
-9.544020e-01
-1.876110e-01
2.820780e-01
-9.408690e-01