3.251704e+00
6.129311e+00
5.967072e+00
3.839217e+01
2.912452e+01
7.642492e+00
2.056941e+00
6.724051e+00
2.172592e+01
3.319716e+00
1.750419e+00
1.744509e+00
4.084297e+00
5.711324e+00
1.912431e+01
8.617202e+00
0
0
0
0
0
0
1.691775e+01
0
0
1.391079e+00
1.617863e+00
2.776102e+00
-3.054417e-03
1.227348e+00
1.106412e+01
3.085976e+00
2.421765e+00
0
0
-5.432323e+00
3.574699e+00
0
0
2.624570e+01
2.701606e+01
2.244541e+00
7.308952e+00
0
0
0
0
0
0
0
1.339540e-01
4.758130e-02
-1.627650e-02
9.644450e-02
2.733620e-01
-9.570640e-01
-1.619500e-01
2.788690e-01
-9.465750e-01