1.208480e+01
1.133239e+01
2.781327e+01
3.877800e+01
2.368424e+01
2.215785e+01
-8.514699e-01
-1.527758e+00
5.503686e+01
3.864461e+00
1.347568e+00
-1.733081e+00
6.628636e+00
3.829913e+01
6.668503e+00
2.051718e+01
0
0
0
0
0
0
1.277754e+00
0
0
1.102410e+01
2.596587e+00
1.633383e+01
3.279396e+00
1.476571e+00
3.592341e+01
0
1.038976e+00
0
0
-1.501887e+01
1.080943e+01
0
0
1.985650e-01
1.509146e+01
2.052612e+01
5.704803e+01
0
0
0
0
0
0
0
1.207190e-01
6.250480e-02
-1.011610e-01
1.344760e-01
2.477880e-01
-9.594360e-01
-1.210290e-01
2.981610e-01
-9.468110e-01