1.439221e+01
6.834957e+00
1.610557e+01
2.074759e+01
7.902495e+00
2.199461e+00
4.418790e-01
9.627346e+00
1.662958e+01
2.178841e+01
2.503566e+00
1.744509e+00
5.153455e+00
1.150376e+01
1.874856e+01
3.299335e+00
0
0
0
0
0
0
1.192286e+01
0
0
1.391079e+00
1.274418e+01
2.355385e+01
-3.054417e-03
1.227348e+00
1.733438e+00
3.351000e+00
6.986173e+00
0
0
3.899865e+01
6.853724e+00
0
0
3.307737e+01
1.293354e+01
6.598022e+00
3.087474e+01
0
0
0
0
0
0
0
1.095290e-01
4.655420e-02
-1.101240e-02
8.137350e-02
2.953910e-01
-9.519050e-01
-1.850030e-01
2.907980e-01
-9.387280e-01