5.014111e-01
-1.037618e+00
-4.715841e-02
6.075227e+00
7.932262e-01
-2.654413e+00
-4.708775e+00
4.885722e+00
5.522403e+01
1.721255e+01
6.792553e+00
1.744509e+00
2.399826e+01
2.608682e+01
-3.665226e-01
-5.875629e-03
0
0
0
0
0
0
2.764910e+00
0
0
1.391079e+00
2.632285e+00
1.678557e+00
1.135217e+00
1.227348e+00
2.027237e+00
4.508493e-01
3.426043e+00
0
0
-4.990297e+00
5.509924e+00
0
0
-3.628166e-01
-8.197367e-01
6.225261e+00
1.574028e+01
0
0
0
0
0
0
0
2.447460e-01
5.213180e-02
-2.535080e-02
9.191870e-02
2.709130e-01
-9.582050e-01
-1.607190e-01
2.789880e-01
-9.467500e-01