2.242498e+00
6.129311e+00
4.751072e+00
2.852014e+01
1.601308e+01
6.638341e+00
-1.356221e+00
2.136157e+00
1.782225e+01
3.319716e+00
1.750419e+00
1.744509e+00
4.084297e+00
4.044783e+00
7.148699e+00
4.765573e+00
0
0
0
0
0
0
3.085211e+00
0
0
1.391079e+00
1.617863e+00
2.776102e+00
1.135217e+00
1.227348e+00
2.027237e+00
1.959420e+00
2.421765e+00
0
0
-6.493710e+00
3.574699e+00
0
0
1.992866e+01
2.090046e+01
2.244541e+00
6.039065e+00
0
0
0
0
0
0
0
1.373340e-01
5.094040e-02
-1.457720e-02
9.638510e-02
2.693390e-01
-9.582100e-01
-1.635330e-01
2.756820e-01
-9.472360e-01