2.013845e+01
6.834957e+00
3.688732e+01
4.177811e+01
9.206033e+00
6.098790e+00
-1.917409e+00
1.067600e+01
1.662958e+01
2.813979e+01
4.775488e+00
1.744509e+00
5.153455e+00
1.581084e+01
1.578628e+01
3.299335e+00
0
0
0
0
0
0
2.909130e+01
0
0
1.391079e+00
1.450945e+01
2.746703e+01
-3.054417e-03
1.227348e+00
1.733438e+00
5.850495e+00
1.073813e+01
0
0
4.418541e+01
6.853724e+00
0
0
4.885718e+01
2.549778e+01
6.598022e+00
4.440580e+01
0
0
0
0
0
0
0
7.641340e-02
3.980330e-02
-1.905980e-02
9.006270e-02
2.854660e-01
-9.541480e-01
-1.566810e-01
2.896680e-01
-9.442160e-01