1.324883e+01
9.817377e+00
5.921820e+01
5.197097e+01
6.041055e+01
2.959100e+01
-8.514699e-01
-2.553466e+00
7.282637e+01
2.091383e+00
1.512085e+01
1.659188e+00
6.628636e+00
4.976779e+01
6.668503e+00
2.489065e+01
0
0
0
0
0
0
2.527409e+00
0
0
1.396616e+01
1.446169e+00
1.633383e+01
1.058724e+01
1.287234e+01
4.778800e+01
0
1.038976e+00
0
0
-7.456129e+00
1.767023e+01
0
0
1.985650e-01
2.311851e+01
1.899607e+01
5.961707e+01
0
0
0
0
0
0
0
1.207190e-01
6.830460e-02
-1.492110e-01
1.484210e-01
2.398610e-01
-9.593950e-01
-1.024850e-01
3.038190e-01
-9.472020e-01