1.311877e+01
6.834957e+00
1.454299e+01
1.709486e+01
7.902495e+00
2.199461e+00
4.418790e-01
9.627346e+00
1.662958e+01
1.962932e+01
2.503566e+00
1.744509e+00
5.153455e+00
1.150376e+01
1.874856e+01
4.406919e+00
0
0
0
0
0
0
9.605208e+00
0
0
1.391079e+00
1.274418e+01
2.056299e+01
-3.054417e-03
1.227348e+00
1.733438e+00
3.351000e+00
5.712717e+00
0
0
2.632832e+01
6.853724e+00
0
0
2.211822e+01
1.293354e+01
6.598022e+00
2.921198e+01
0
0
0
0
0
0
0
1.095290e-01
4.665310e-02
-5.257770e-03
8.097740e-02
2.883700e-01
-9.540890e-01
-1.844860e-01
2.838280e-01
-9.409610e-01