1.502120e+00
1.102546e+00
-4.715841e-02
4.533281e+00
1.802438e+00
-2.654413e+00
4.566239e+00
7.170192e+00
3.034802e+01
1.463686e+01
3.757922e-01
6.895778e-01
5.111506e+00
1.105922e+01
-3.665226e-01
-5.875629e-03
0
0
0
0
0
0
1.672286e+00
0
0
1.391079e+00
2.632285e+00
3.750300e+00
1.135217e+00
2.463951e+00
2.027237e+00
4.508493e-01
3.426043e+00
0
0
-1.176952e+01
3.108274e+00
0
0
-3.628166e-01
-8.197367e-01
5.323932e+00
1.093411e+01
0
0
0
0
0
0
0
1.306940e-01
5.241450e-02
-8.253130e-03
1.115060e-01
2.814100e-01
-9.530870e-01
-1.700520e-01
2.871310e-01
-9.426760e-01