5.014111e-01
-1.037618e+00
-4.715841e-02
6.075227e+00
7.932262e-01
-2.654413e+00
-4.708775e+00
4.885722e+00
5.123958e+01
1.721255e+01
6.792553e+00
1.744509e+00
2.179599e+01
2.507671e+01
-3.665226e-01
-5.875629e-03
0
0
0
0
0
0
2.764910e+00
0
0
1.391079e+00
2.632285e+00
1.678557e+00
1.135217e+00
1.227348e+00
2.027237e+00
4.508493e-01
3.426043e+00
0
0
-5.785554e+00
5.509924e+00
0
0
-3.628166e-01
-8.197367e-01
6.225261e+00
1.459933e+01
0
0
0
0
0
0
0
2.447460e-01
5.213180e-02
-2.537520e-02
9.227050e-02
2.721630e-01
-9.578170e-01
-1.600390e-01
2.800640e-01
-9.465470e-01