5.014111e-01
-1.037618e+00
-4.715841e-02
4.533281e+00
1.802438e+00
-2.654413e+00
-4.708775e+00
6.074052e+00
6.918785e+01
2.129550e+01
8.942694e+00
1.744509e+00
3.020968e+01
2.859648e+01
-3.665226e-01
-5.875629e-03
0
0
0
0
0
0
2.764910e+00
0
0
1.391079e+00
2.632285e+00
1.678557e+00
1.135217e+00
1.227348e+00
2.027237e+00
4.508493e-01
3.426043e+00
0
0
-7.089740e+00
6.532576e+00
0
0
-3.628166e-01
-8.197367e-01
7.736247e+00
2.166865e+01
0
0
0
0
0
0
0
2.395450e-01
5.710310e-02
-2.405670e-02
1.083170e-01
2.830560e-01
-9.529680e-01
-1.707210e-01
2.879030e-01
-9.423200e-01