2.497268e+00
1.356554e+01
7.487729e-01
1.425401e+01
3.586726e+01
5.041397e+00
1.126611e+01
4.146494e+01
7.013191e+01
3.963017e+01
2.448962e+00
4.230488e+00
1.654631e+01
1.948688e+01
7.294151e+00
1.295877e+01
0
0
0
0
0
0
3.573045e+00
0
0
1.643377e+00
3.674723e+00
4.173786e+00
1.026595e+01
2.169738e+01
2.027237e+00
3.702735e+00
3.671196e+01
0
0
2.620953e+01
4.561451e+01
0
0
3.647715e+00
6.382015e+00
2.073882e+00
4.600403e+01
0
0
0
0
0
0
0
-1.247770e-02
9.670870e-02
-7.630980e-02
1.228650e-01
2.972300e-01
-9.468680e-01
-1.122890e-01
3.259890e-01
-9.386810e-01