3.275723e+00
4.542793e+00
1.994946e+00
1.167099e+01
4.780789e+00
2.213289e+00
-2.444461e+00
2.136157e+00
7.711146e+00
8.365960e+00
1.750419e+00
1.744509e+00
6.691204e+00
4.044783e+00
6.364120e-01
-5.875629e-03
0
0
0
0
0
0
1.754112e+00
0
0
1.391079e+00
2.632285e+00
3.836659e+00
1.135217e+00
1.227348e+00
2.027237e+00
1.959420e+00
2.421765e+00
0
0
-9.835213e+00
4.603519e+00
0
0
8.863021e+00
4.427255e+00
2.244541e+00
6.039065e+00
0
0
0
0
0
0
0
1.398500e-01
5.203700e-02
-1.380950e-02
1.034680e-01
2.690980e-01
-9.575390e-01
-1.630960e-01
2.762780e-01
-9.471380e-01