8.437548e+00
1.102546e+00
1.887197e+01
5.891619e+00
1.802438e+00
-2.654413e+00
7.267166e+00
4.554189e+00
6.622217e+00
1.778467e+01
3.757922e-01
-1.893351e+00
3.774608e+00
6.331184e+00
-3.665226e-01
-1.056454e+00
0
0
0
0
0
0
1.672286e+00
0
0
1.391079e+00
9.173109e+00
9.402018e+00
1.135217e+00
2.463951e+00
2.027237e+00
4.508493e-01
8.442935e+00
0
0
5.473761e+00
3.108274e+00
0
0
-3.628166e-01
-8.197367e-01
5.323932e+00
2.536178e+01
0
0
0
0
0
0
0
1.498170e-01
3.473000e-02
3.393890e-02
9.968440e-02
2.836510e-01
-9.537320e-01
-1.657580e-01
2.889090e-01
-9.428980e-01