1.617192e+01
1.730445e+01
7.312725e+01
5.519171e+01
6.753163e+01
4.281499e+01
2.744861e+01
-2.553466e+00
7.390064e+01
3.233185e+01
5.142440e+01
2.416094e+01
5.517832e+00
5.781755e+01
4.563136e+01
2.591549e+01
0
0
0
0
0
0
2.527409e+00
0
0
1.514832e+01
4.693847e+00
1.633383e+01
5.028936e+01
2.169738e+01
4.778800e+01
1.604741e+01
2.569742e+01
0
0
3.092986e+01
4.592969e+01
0
0
1.985650e-01
2.861529e+01
6.421264e+01
6.249400e+01
0
0
0
0
0
0
0
1.519940e-01
6.317460e-02
-2.161990e-01
1.463950e-01
2.382160e-01
-9.601150e-01
-1.053020e-01
2.982200e-01
-9.486710e-01