2.497268e+00
2.469124e+01
7.487729e-01
4.071609e+01
5.756015e+01
8.183038e+00
1.126611e+01
4.088247e+01
6.591959e+01
1.930915e+01
6.976911e+00
4.888416e+00
4.386796e+00
3.338751e+00
7.294151e+00
9.237148e+00
0
0
0
0
0
0
2.527409e+00
0
0
1.643377e+00
8.592749e-01
5.248767e+00
2.135639e+01
2.169738e+01
6.760080e+00
3.702735e+00
3.980845e+00
0
0
-1.422339e+01
2.106804e+01
0
0
1.234372e+00
-3.377133e+00
3.259857e+00
4.552560e+01
0
0
0
0
0
0
0
-3.143090e-02
6.736770e-02
-9.731600e-02
1.301760e-01
2.798430e-01
-9.511790e-01
-1.191820e-01
3.186710e-01
-9.403430e-01