4.263459e+00
2.623598e+00
3.795510e+00
1.652635e+01
1.724963e+01
4.104631e+00
6.368657e+00
9.183427e+00
2.233754e+01
3.592131e+00
2.965791e+00
1.744509e+00
5.113618e+00
6.011204e+00
1.190148e+01
8.084307e+00
0
0
0
0
0
0
4.008554e+00
0
0
1.391079e+00
1.617863e+00
2.776102e+00
-3.054417e-03
1.227348e+00
3.156432e+00
1.975754e+00
2.504525e+00
0
0
-3.619472e+00
2.499724e+00
0
0
1.744416e+01
1.201170e+01
2.244541e+00
7.493224e+00
0
0
0
0
0
0
0
1.277570e-01
4.664290e-02
-1.426870e-02
1.020520e-01
2.763300e-01
-9.556290e-01
-1.629600e-01
2.821290e-01
-9.454350e-01