6.269819e+00
1.862889e+01
6.309670e+01
7.268879e+01
6.239191e+01
3.499781e+01
2.002790e+01
-2.553466e+00
7.055636e+01
2.081082e+01
2.842857e+01
6.575487e+00
4.386796e+00
5.229083e+01
4.563136e+01
2.591549e+01
0
0
0
0
0
0
2.527409e+00
0
0
1.514832e+01
4.693847e+00
1.633383e+01
4.332038e+01
2.169738e+01
4.778800e+01
1.387523e+01
1.392983e+01
0
0
2.037026e+01
3.721521e+01
0
0
1.985650e-01
2.153154e+01
4.762402e+01
5.680984e+01
0
0
0
0
0
0
0
5.771030e-02
6.497560e-02
-1.696340e-01
1.392950e-01
2.544400e-01
-9.570040e-01
-1.128350e-01
3.045580e-01
-9.457870e-01