2.497268e+00
8.384051e+00
2.234212e+00
7.039789e+00
2.696863e+01
5.041397e+00
1.126611e+01
3.559268e+01
6.899556e+01
4.878161e+01
3.601474e+00
4.703859e+00
1.884188e+01
2.563823e+01
3.157443e+00
5.646468e+00
0
0
0
0
0
0
6.108841e+00
0
0
1.643377e+00
3.674723e+00
3.148429e+00
5.895223e+00
1.513248e+01
2.027237e+00
3.702735e+00
3.637493e+01
0
0
3.895190e+01
4.268487e+01
0
0
4.738188e+00
1.187259e+00
2.073882e+00
4.469354e+01
0
0
0
0
0
0
0
-2.263540e-02
1.082290e-01
-7.917910e-02
1.178960e-01
2.865650e-01
-9.507790e-01
-1.116930e-01
3.098890e-01
-9.441890e-01