1.439221e+01
6.834957e+00
1.923074e+01
2.280485e+01
9.206033e+00
3.270290e+00
-7.026795e-01
9.627346e+00
1.662958e+01
2.476233e+01
3.544925e+00
1.744509e+00
5.153455e+00
1.273665e+01
2.039260e+01
3.299335e+00
0
0
0
0
0
0
1.620463e+01
0
0
1.391079e+00
1.450945e+01
2.746703e+01
-3.054417e-03
1.227348e+00
1.733438e+00
3.351000e+00
9.533085e+00
0
0
3.986979e+01
6.853724e+00
0
0
4.506198e+01
1.432329e+01
6.598022e+00
3.420027e+01
0
0
0
0
0
0
0
9.245900e-02
4.665310e-02
-1.433150e-02
8.275870e-02
2.926420e-01
-9.526340e-01
-1.836580e-01
2.895520e-01
-9.393770e-01