5.014111e-01
1.102546e+00
-4.715841e-02
4.533281e+00
1.802438e+00
-2.654413e+00
-2.054686e+00
6.074052e+00
6.628738e+01
1.682791e+01
3.959531e+00
1.744509e+00
8.498816e+00
1.105922e+01
-3.665226e-01
-5.875629e-03
0
0
0
0
0
0
1.672286e+00
0
0
1.391079e+00
2.632285e+00
2.727009e+00
1.135217e+00
1.227348e+00
2.027237e+00
4.508493e-01
3.426043e+00
0
0
-1.105013e+01
5.512296e+00
0
0
-3.628166e-01
-8.197367e-01
6.688205e+00
1.093411e+01
0
0
0
0
0
0
0
1.741140e-01
5.727600e-02
-1.577600e-02
1.098330e-01
2.779810e-01
-9.542870e-01
-1.717460e-01
2.847450e-01
-9.430930e-01