5.516405e+00
1.614543e+00
4.931333e+00
2.825424e+01
3.010107e+01
5.113737e+00
1.320219e+01
1.733058e+01
2.324050e+01
2.315779e+00
4.387769e+00
1.744509e+00
5.113618e+00
9.861881e+00
4.486948e+01
2.367944e+01
0
0
0
0
0
0
1.424251e+01
0
0
1.391079e+00
1.617863e+00
2.776102e+00
-3.054417e-03
1.227348e+00
1.116946e+01
7.412601e+00
3.634719e+00
0
0
-2.119961e+00
2.499724e+00
0
0
2.796562e+01
3.184680e+01
2.244541e+00
9.740723e+00
0
0
0
0
0
0
0
1.300050e-01
4.079990e-02
-1.504690e-02
9.532970e-02
2.684950e-01
-9.585520e-01
-1.635100e-01
2.740150e-01
-9.477240e-01