2.242498e+00
6.129311e+00
1.994946e+00
1.616067e+01
5.992454e+00
2.213289e+00
-2.444461e+00
2.136157e+00
1.408217e+01
4.543938e+00
1.750419e+00
1.744509e+00
4.084297e+00
4.044783e+00
3.282574e+00
1.071393e+00
0
0
0
0
0
0
1.754112e+00
0
0
1.391079e+00
2.632285e+00
3.836659e+00
1.135217e+00
1.227348e+00
2.027237e+00
1.959420e+00
2.421765e+00
0
0
-7.254797e+00
4.603519e+00
0
0
1.291409e+01
4.427255e+00
2.244541e+00
6.039065e+00
0
0
0
0
0
0
0
1.375070e-01
5.247730e-02
-1.294610e-02
9.832250e-02
2.708300e-01
-9.575930e-01
-1.618900e-01
2.770380e-01
-9.471230e-01