2.242498e+00
6.129311e+00
4.751072e+00
3.061912e+01
1.952631e+01
6.638341e+00
-1.356221e+00
3.431350e+00
1.882722e+01
3.319716e+00
1.750419e+00
1.744509e+00
4.084297e+00
4.044783e+00
8.517570e+00
5.850033e+00
0
0
0
0
0
0
4.521022e+00
0
0
1.391079e+00
1.617863e+00
2.776102e+00
1.135217e+00
1.227348e+00
3.649568e+00
1.959420e+00
2.421765e+00
0
0
-5.947403e+00
3.574699e+00
0
0
2.153758e+01
2.258160e+01
2.244541e+00
6.039065e+00
0
0
0
0
0
0
0
1.373340e-01
5.059870e-02
-1.506270e-02
9.573880e-02
2.687780e-01
-9.584320e-01
-1.633590e-01
2.748640e-01
-9.475040e-01