1.501890e+01
9.817377e+00
6.425230e+01
5.298443e+01
6.274070e+01
3.217380e+01
9.231640e+00
-2.553466e+00
7.390064e+01
7.330458e+00
2.402104e+01
1.121309e+01
6.628636e+00
5.201513e+01
1.168148e+01
2.489065e+01
0
0
0
0
0
0
2.527409e+00
0
0
1.514832e+01
1.446169e+00
1.633383e+01
2.073751e+01
1.636113e+01
4.778800e+01
7.910847e+00
2.755414e+00
0
0
6.854943e-01
3.158633e+01
0
0
1.985650e-01
2.555310e+01
4.073705e+01
6.249400e+01
0
0
0
0
0
0
0
1.370250e-01
6.789520e-02
-1.933170e-01
1.485840e-01
2.409660e-01
-9.590920e-01
-1.028300e-01
3.038810e-01
-9.471440e-01