2.497268e+00
8.384051e+00
2.234212e+00
7.039789e+00
2.669849e+01
5.041397e+00
1.126611e+01
3.559268e+01
6.899556e+01
4.878161e+01
3.601474e+00
3.379833e+00
1.884188e+01
2.563823e+01
1.811864e+00
4.236839e+00
0
0
0
0
0
0
7.525686e+00
0
0
1.643377e+00
4.681066e+00
3.148429e+00
4.797421e+00
1.675462e+01
2.027237e+00
3.702735e+00
3.287211e+01
0
0
3.965427e+01
3.898386e+01
0
0
4.738188e+00
1.187259e+00
2.073882e+00
4.359601e+01
0
0
0
0
0
0
0
-6.632880e-02
9.876810e-02
-8.082860e-02
1.178030e-01
2.900190e-01
-9.497430e-01
-1.110180e-01
3.130970e-01
-9.432100e-01