2.618365e+01
7.942764e+00
1.522052e+01
5.914349e+00
6.456375e+00
9.797185e-01
6.201819e+00
1.403635e+00
7.860217e+00
1.874455e+01
3.757922e-01
-2.899826e+00
1.312773e+01
2.014233e+01
6.516769e-01
-5.588420e-02
0
0
0
0
0
0
3.470412e+00
0
0
1.643377e+00
4.247033e+01
2.856970e+01
5.217046e+00
2.463951e+00
2.027237e+00
1.482415e+00
2.920517e+00
0
0
-2.123204e+01
2.976932e+01
0
0
-3.628166e-01
-8.197367e-01
3.398983e+01
4.952385e+01
0
0
0
0
0
0
0
1.753090e-01
3.340580e-02
5.546940e-02
6.848840e-02
3.002490e-01
-9.513990e-01
-2.009610e-01
2.675640e-01
-9.423500e-01