2.133393e+01
5.422124e+00
3.962643e+01
4.177811e+01
8.199155e+00
4.773410e+00
-1.917409e+00
1.067600e+01
1.804323e+01
2.593577e+01
3.639298e+00
1.744509e+00
5.153455e+00
1.562213e+01
1.578628e+01
3.299335e+00
0
0
0
0
0
0
2.958379e+01
0
0
1.391079e+00
1.450945e+01
2.644931e+01
-3.054417e-03
1.227348e+00
1.733438e+00
5.850495e+00
1.206611e+01
0
0
4.462488e+01
6.853724e+00
0
0
5.039275e+01
2.677938e+01
5.356510e+00
4.142957e+01
0
0
0
0
0
0
0
7.816060e-02
3.626770e-02
-2.057120e-02
9.995400e-02
2.709850e-01
-9.573800e-01
-1.437300e-01
2.800570e-01
-9.491630e-01