2.497268e+00
2.595191e+01
7.487729e-01
2.658903e+01
4.005067e+01
6.983609e+00
1.126611e+01
4.673701e+01
6.858376e+01
2.467655e+01
2.448962e+00
1.578819e+00
7.656828e+00
1.329913e+01
7.294151e+00
1.451798e+01
0
0
0
0
0
0
2.527409e+00
0
0
1.643377e+00
3.674723e+00
5.248767e+00
1.347795e+01
2.169738e+01
3.089114e+00
3.702735e+00
7.682231e+00
0
0
2.180215e+01
2.609154e+01
0
0
2.440552e+00
6.382015e+00
2.073882e+00
3.799671e+01
0
0
0
0
0
0
0
-1.453840e-02
9.120230e-02
-8.818510e-02
1.216360e-01
2.918330e-01
-9.487030e-01
-1.156190e-01
3.231700e-01
-9.392510e-01