2.667194e+01
4.793121e+00
4.446332e+01
5.914349e+00
2.850059e+01
-1.328275e+00
6.201819e+00
-8.266793e-01
2.440281e+00
1.996964e+01
3.757922e-01
-2.899826e+00
1.438034e+01
2.226824e+01
6.516769e-01
-1.056454e+00
0
0
0
0
0
0
1.820417e+01
0
0
1.081101e+01
3.554595e+01
5.926241e+00
1.034458e+01
2.463951e+00
2.027237e+00
4.508493e-01
1.015781e+01
0
0
-2.005761e+01
2.456917e+01
0
0
-3.628166e-01
-8.197367e-01
9.172289e+00
4.166421e+01
0
0
0
0
0
0
0
2.061520e-01
2.726800e-02
9.796760e-02
6.309980e-02
3.041490e-01
-9.505320e-01
-2.037350e-01
2.696890e-01
-9.411480e-01