1.489896e+01
-1.037618e+00
1.808012e+01
3.490196e+01
9.239733e+00
1.670783e+00
-2.444461e+00
4.546353e+00
9.763811e+00
2.365091e+01
6.792553e+00
1.744509e+00
1.520771e+01
1.220102e+01
6.364120e-01
-5.875629e-03
0
0
0
0
0
0
1.754112e+00
0
0
1.391079e+00
2.632285e+00
2.811337e+00
1.135217e+00
1.227348e+00
2.027237e+00
1.124382e+01
3.426043e+00
0
0
-7.757363e+00
4.408041e+00
0
0
3.688606e+00
7.507607e+00
4.991599e+00
1.149315e+01
0
0
0
0
0
0
0
3.011580e-01
5.620680e-02
-2.599890e-02
8.644070e-02
2.627160e-01
-9.609940e-01
-1.683780e-01
2.703240e-01
-9.479310e-01