4.812816e+00
2.570698e+00
6.327808e+00
6.681416e+00
6.796803e+00
2.199461e+00
4.060980e+00
8.553470e+00
8.716665e+00
1.317737e+01
1.484363e+00
1.744509e+00
5.153455e+00
4.701662e+00
1.506560e+01
4.656145e+00
0
0
0
0
0
0
2.704806e+00
0
0
1.391079e+00
6.024475e+00
2.850882e+00
-3.054417e-03
1.227348e+00
1.733438e+00
1.324396e+00
4.667859e+00
0
0
-1.191328e+01
6.827963e+00
0
0
7.639509e+00
3.726869e+00
4.283901e+00
1.815312e+01
0
0
0
0
0
0
0
1.273180e-01
4.335330e-02
2.522530e-02
8.410030e-02
2.815600e-01
-9.558510e-01
-1.793610e-01
2.784300e-01
-9.435600e-01