2.108578e+00
1.940960e+00
1.587664e+00
1.015436e+01
3.350516e+00
-6.762759e-02
-1.917409e+00
3.868905e+00
2.318940e+01
4.536487e+01
1.548386e+00
1.744509e+00
7.397111e+00
4.419341e+01
3.590800e+00
3.299335e+00
0
0
0
0
0
0
3.471862e+01
0
0
1.391079e+00
5.122181e+00
8.504436e+00
-3.054417e-03
1.227348e+00
1.733438e+00
9.722136e-01
7.982313e+00
0
0
3.262840e+01
3.556791e+00
0
0
1.701866e+01
4.143794e+00
2.244541e+00
9.572120e+00
0
0
0
0
0
0
0
1.315380e-01
5.064220e-02
-2.217120e-02
9.188990e-02
2.828300e-01
-9.547580e-01
-1.353160e-01
2.904030e-01
-9.472890e-01