1.501890e+01
9.817377e+00
6.143585e+01
5.197097e+01
6.146199e+01
3.102536e+01
5.344693e-01
-2.553466e+00
7.390064e+01
2.091383e+00
1.635890e+01
1.659188e+00
6.628636e+00
5.081391e+01
8.052285e+00
2.489065e+01
0
0
0
0
0
0
2.527409e+00
0
0
1.396616e+01
1.446169e+00
1.633383e+01
1.209545e+01
1.436627e+01
4.778800e+01
0
1.038976e+00
0
0
-5.320799e+00
2.340375e+01
0
0
1.985650e-01
2.311851e+01
1.899607e+01
5.961707e+01
0
0
0
0
0
0
0
1.207190e-01
6.830460e-02
-1.601140e-01
1.486200e-01
2.402880e-01
-9.592570e-01
-1.023120e-01
3.042040e-01
-9.470970e-01