1.311877e+01
5.539633e+00
1.454299e+01
1.159964e+01
7.902495e+00
2.199461e+00
1.984493e+00
9.627346e+00
1.561323e+01
1.667169e+01
2.503566e+00
1.744509e+00
5.153455e+00
6.509255e+00
1.991379e+01
4.406919e+00
0
0
0
0
0
0
6.381177e+00
0
0
1.391079e+00
1.163900e+01
9.409915e+00
-3.054417e-03
1.227348e+00
1.733438e+00
3.351000e+00
5.712717e+00
0
0
6.657289e+00
6.853724e+00
0
0
1.343823e+01
9.157725e+00
6.598022e+00
2.921198e+01
0
0
0
0
0
0
0
1.222410e-01
4.665310e-02
9.657550e-03
7.762960e-02
2.965690e-01
-9.518510e-01
-1.890320e-01
2.896310e-01
-9.382860e-01