2.618365e+01
6.890132e+00
2.529303e+01
5.914349e+00
6.456375e+00
-1.482135e-01
6.201819e+00
1.403635e+00
4.537175e+00
1.874455e+01
3.757922e-01
-2.899826e+00
1.439204e+01
2.014233e+01
6.516769e-01
-5.588420e-02
0
0
0
0
0
0
3.470412e+00
0
0
1.643377e+00
4.247033e+01
1.722039e+01
7.638448e+00
2.463951e+00
2.027237e+00
4.508493e-01
2.920517e+00
0
0
-2.104949e+01
2.976932e+01
0
0
-3.628166e-01
-8.197367e-01
2.126821e+01
4.649598e+01
0
0
0
0
0
0
0
1.808130e-01
3.027810e-02
7.463290e-02
6.543890e-02
3.054450e-01
-9.499580e-01
-2.020610e-01
2.712930e-01
-9.410480e-01