2.497268e+00
8.384051e+00
7.487729e-01
7.039789e+00
2.960527e+01
5.041397e+00
1.126611e+01
4.019243e+01
7.013191e+01
4.486948e+01
3.601474e+00
5.870913e+00
1.766926e+01
2.563823e+01
7.294151e+00
1.492737e+01
0
0
0
0
0
0
3.573045e+00
0
0
1.643377e+00
3.674723e+00
4.173786e+00
9.100310e+00
1.657456e+01
2.027237e+00
3.702735e+00
4.600124e+01
0
0
3.232367e+01
4.874318e+01
0
0
3.647715e+00
3.344958e+00
2.073882e+00
5.038793e+01
0
0
0
0
0
0
0
-1.414070e-02
1.060030e-01
-7.630980e-02
1.232350e-01
2.928320e-01
-9.481890e-01
-1.119380e-01
3.202670e-01
-9.406910e-01