1.208480e+01
9.817377e+00
4.234294e+01
4.538049e+01
3.869890e+01
2.678234e+01
-8.514699e-01
-2.553466e+00
6.549098e+01
2.091383e+00
7.879293e+00
-1.733081e+00
6.628636e+00
4.688134e+01
6.668503e+00
2.489065e+01
0
0
0
0
0
0
2.527409e+00
0
0
1.396616e+01
2.596587e+00
1.633383e+01
4.550099e+00
7.303969e+00
4.607666e+01
0
1.038976e+00
0
0
-1.294884e+01
1.080943e+01
0
0
1.985650e-01
1.924004e+01
1.899607e+01
5.840254e+01
0
0
0
0
0
0
0
1.207190e-01
6.735540e-02
-1.190220e-01
1.412860e-01
2.428290e-01
-9.597250e-01
-1.137050e-01
2.998610e-01
-9.471820e-01