2.497268e+00
8.384051e+00
7.487729e-01
8.622925e+00
3.141259e+01
5.041397e+00
1.126611e+01
4.019243e+01
7.013191e+01
4.312060e+01
2.448962e+00
5.870913e+00
1.766926e+01
2.420170e+01
7.294151e+00
1.492737e+01
0
0
0
0
0
0
3.573045e+00
0
0
1.643377e+00
3.674723e+00
4.173786e+00
9.100310e+00
1.792738e+01
2.027237e+00
3.702735e+00
4.600124e+01
0
0
3.051637e+01
4.874318e+01
0
0
3.647715e+00
3.344958e+00
2.073882e+00
4.893542e+01
0
0
0
0
0
0
0
-1.185140e-02
1.051780e-01
-7.630980e-02
1.230230e-01
2.959670e-01
-9.472430e-01
-1.119220e-01
3.233070e-01
-9.396520e-01