2.108578e+00
1.940960e+00
1.587664e+00
1.015436e+01
3.350516e+00
-6.762759e-02
-1.917409e+00
3.868905e+00
2.318940e+01
4.686759e+01
1.548386e+00
1.744509e+00
7.397111e+00
4.768875e+01
4.785534e+00
3.299335e+00
0
0
0
0
0
0
3.984996e+01
0
0
1.391079e+00
5.122181e+00
9.577185e+00
-3.054417e-03
1.227348e+00
1.733438e+00
9.722136e-01
9.200371e+00
0
0
3.466818e+01
4.766835e+00
0
0
1.982808e+01
4.143794e+00
2.244541e+00
1.075444e+01
0
0
0
0
0
0
0
1.300570e-01
5.059200e-02
-2.217120e-02
1.053220e-01
2.668650e-01
-9.579620e-01
-1.674050e-01
2.747870e-01
-9.468200e-01