2.497268e+00
2.209310e+01
7.487729e-01
4.830494e+01
5.756015e+01
8.183038e+00
9.751029e+00
3.174746e+01
6.591959e+01
1.930915e+01
6.976911e+00
4.888416e+00
4.386796e+00
3.338751e+00
7.294151e+00
7.772581e+00
0
0
0
0
0
0
2.527409e+00
0
0
3.746899e+00
8.592749e-01
6.255484e+00
2.239079e+01
2.169738e+01
6.760080e+00
3.702735e+00
3.980845e+00
0
0
-1.938598e+01
1.852029e+01
0
0
1.985650e-01
-3.377133e+00
3.259857e+00
4.712694e+01
0
0
0
0
0
0
0
-3.143090e-02
6.560580e-02
-1.023370e-01
1.315020e-01
2.730300e-01
-9.529750e-01
-1.215820e-01
3.151640e-01
-9.412170e-01