2.497268e+00
2.595191e+01
7.487729e-01
3.566838e+01
5.756015e+01
8.183038e+00
1.126611e+01
4.394841e+01
6.591959e+01
2.157991e+01
5.572769e+00
1.578819e+00
5.403366e+00
3.338751e+00
7.294151e+00
1.156882e+01
0
0
0
0
0
0
2.527409e+00
0
0
1.643377e+00
8.592749e-01
5.248767e+00
2.020733e+01
2.169738e+01
4.361972e+00
3.702735e+00
3.980845e+00
0
0
-4.332842e+00
2.609154e+01
0
0
2.440552e+00
4.869374e+00
2.073882e+00
4.179332e+01
0
0
0
0
0
0
0
-2.048660e-02
7.581160e-02
-9.582750e-02
1.270900e-01
2.868730e-01
-9.495010e-01
-1.160250e-01
3.229890e-01
-9.392640e-01