4.263459e+00
5.523142e+00
1.587664e+00
1.132027e+01
9.262472e+00
2.070607e+00
3.579160e+00
6.821310e+00
1.077065e+01
5.879317e+00
1.548386e+00
1.744509e+00
5.113618e+00
4.931684e+00
2.590635e+00
4.428823e+00
0
0
0
0
0
0
1.089712e+00
0
0
1.391079e+00
1.617863e+00
5.286738e+00
-3.054417e-03
1.227348e+00
1.733438e+00
1.975754e+00
2.504525e+00
0
0
-4.745290e+00
2.499724e+00
0
0
9.921626e+00
4.143794e+00
2.244541e+00
7.493224e+00
0
0
0
0
0
0
0
1.333710e-01
5.090950e-02
-9.317350e-03
1.006950e-01
2.729250e-01
-9.567510e-01
-1.623300e-01
2.784080e-01
-9.466450e-01