1.092712e+01
1.940960e+00
1.729187e+01
2.153536e+01
4.773807e+00
1.228177e+00
-1.917409e+00
7.607801e+00
2.122975e+01
4.126930e+01
1.548386e+00
1.744509e+00
7.397111e+00
4.513591e+01
1.860823e+01
3.299335e+00
0
0
0
0
0
0
4.369846e+01
0
0
1.391079e+00
9.514213e+00
1.508113e+01
-3.054417e-03
1.227348e+00
1.733438e+00
2.084930e+00
1.473774e+01
0
0
3.995673e+01
5.803606e+00
0
0
3.905953e+01
2.081508e+01
2.244541e+00
2.291757e+01
0
0
0
0
0
0
0
7.064920e-02
3.787320e-02
-2.088880e-02
1.154040e-01
2.554650e-01
-9.599060e-01
-1.762210e-01
2.659520e-01
-9.477420e-01