2.133393e+01
5.422124e+00
3.166601e+01
3.368001e+01
5.794434e+00
4.773410e+00
-1.917409e+00
1.482151e+01
1.941544e+01
2.758308e+01
3.639298e+00
1.744509e+00
6.359799e+00
1.852408e+01
1.860823e+01
3.299335e+00
0
0
0
0
0
0
3.277598e+01
0
0
1.391079e+00
1.450945e+01
2.644931e+01
-3.054417e-03
1.227348e+00
1.733438e+00
3.166561e+00
1.356758e+01
0
0
4.367548e+01
6.853724e+00
0
0
4.777339e+01
2.641003e+01
4.325351e+00
3.781203e+01
0
0
0
0
0
0
0
7.610640e-02
3.771800e-02
-2.057120e-02
1.150620e-01
2.534790e-01
-9.604730e-01
-1.783880e-01
2.640230e-01
-9.478760e-01