1.301720e+01
-1.037618e+00
1.667378e+01
2.676262e+01
9.239733e+00
3.222076e+00
-2.444461e+00
4.546353e+00
7.429297e+00
2.365091e+01
6.792553e+00
1.744509e+00
1.276098e+01
1.220102e+01
6.364120e-01
-5.875629e-03
0
0
0
0
0
0
1.754112e+00
0
0
1.391079e+00
2.632285e+00
2.811337e+00
1.135217e+00
1.227348e+00
2.027237e+00
6.868124e+00
3.426043e+00
0
0
-8.419960e+00
5.608909e+00
0
0
3.688606e+00
7.507607e+00
4.991599e+00
1.149315e+01
0
0
0
0
0
0
0
2.988960e-01
5.461300e-02
-2.599890e-02
1.037400e-01
2.939310e-01
-9.501800e-01
-1.645580e-01
3.035630e-01
-9.384940e-01