1.519810e+01
6.745811e+00
9.545212e-02
5.914349e+00
8.300260e+00
2.311402e+00
4.978661e+00
1.291071e+01
2.462578e+01
1.997782e+01
2.549901e+00
7.951562e-01
6.594729e+00
1.034521e+01
5.587021e+00
2.091924e+00
0
0
0
0
0
0
1.345148e+00
0
0
1.643377e+00
4.098163e+01
3.494994e+01
1.533724e+00
2.463951e+00
2.027237e+00
1.482415e+00
2.920517e+00
0
0
-2.174078e+01
3.098056e+01
0
0
-3.628166e-01
1.343282e+00
3.809582e+01
5.211384e+01
0
0
0
0
0
0
0
1.076420e-01
5.377650e-02
-2.284200e-03
9.201280e-02
2.955840e-01
-9.508750e-01
-1.796090e-01
2.846180e-01
-9.416650e-01