5.014111e-01
-1.037618e+00
-4.715841e-02
1.518818e+01
7.932262e-01
-2.654413e+00
-4.708775e+00
3.489966e+00
3.975681e+01
2.022333e+01
6.792553e+00
1.744509e+00
1.420606e+01
1.712031e+01
-3.665226e-01
-5.875629e-03
0
0
0
0
0
0
2.764910e+00
0
0
1.391079e+00
2.632285e+00
1.678557e+00
1.135217e+00
1.227348e+00
2.027237e+00
4.508493e-01
3.426043e+00
0
0
-6.220498e+00
4.408041e+00
0
0
-3.628166e-01
-8.197367e-01
6.225261e+00
1.261391e+01
0
0
0
0
0
0
0
2.535800e-01
5.312140e-02
-2.638740e-02
8.901910e-02
2.634860e-01
-9.605470e-01
-1.633990e-01
2.724670e-01
-9.481890e-01