2.497268e+00
8.384051e+00
3.242485e+00
8.260788e+00
2.525268e+01
3.336860e+00
1.007899e+01
2.545453e+01
7.036359e+01
4.878161e+01
2.568056e+00
3.379833e+00
2.053243e+01
2.563823e+01
4.550206e+00
4.236839e+00
0
0
0
0
0
0
9.823110e+00
0
0
1.643377e+00
4.681066e+00
3.148429e+00
2.551859e+00
1.675462e+01
2.027237e+00
3.702735e+00
4.149582e+01
0
0
4.179576e+01
3.898386e+01
0
0
5.752228e+00
1.187259e+00
2.073882e+00
4.359601e+01
0
0
0
0
0
0
0
-6.911750e-02
9.627450e-02
-8.096620e-02
1.185940e-01
2.867310e-01
-9.506420e-01
-1.129060e-01
3.101430e-01
-9.439620e-01