4.812816e+00
2.570698e+00
5.205038e+00
5.484666e+00
6.796803e+00
2.199461e+00
4.060980e+00
8.553470e+00
1.155470e+01
1.317737e+01
1.484363e+00
1.744509e+00
5.153455e+00
6.095839e+00
1.506560e+01
4.656145e+00
0
0
0
0
0
0
2.704806e+00
0
0
1.391079e+00
6.024475e+00
2.850882e+00
-3.054417e-03
1.227348e+00
1.733438e+00
1.324396e+00
4.667859e+00
0
0
-9.564938e+00
6.827963e+00
0
0
7.639509e+00
3.726869e+00
4.283901e+00
1.534247e+01
0
0
0
0
0
0
0
1.175790e-01
4.338160e-02
2.143060e-02
8.434770e-02
2.804460e-01
-9.561570e-01
-1.794000e-01
2.767560e-01
-9.440450e-01