1.186096e+01
2.570698e+00
1.454299e+01
9.837380e+00
7.902495e+00
2.199461e+00
4.916852e+00
9.627346e+00
1.561323e+01
1.667169e+01
2.503566e+00
1.744509e+00
5.153455e+00
5.319165e+00
1.991379e+01
5.753077e+00
0
0
0
0
0
0
5.061483e+00
0
0
1.391079e+00
9.784142e+00
7.451475e+00
-3.054417e-03
1.227348e+00
1.733438e+00
2.343274e+00
4.667859e+00
0
0
-7.736892e-01
6.853724e+00
0
0
1.183113e+01
7.050192e+00
6.598022e+00
2.921198e+01
0
0
0
0
0
0
0
1.249760e-01
4.655420e-02
1.651430e-02
7.604640e-02
2.968320e-01
-9.518970e-01
-1.895250e-01
2.893180e-01
-9.382830e-01