2.497268e+00
8.384051e+00
7.487729e-01
7.039789e+00
2.960527e+01
5.041397e+00
1.126611e+01
3.911864e+01
6.899556e+01
4.615575e+01
3.601474e+00
5.870913e+00
1.884188e+01
2.563823e+01
4.650281e+00
9.098460e+00
0
0
0
0
0
0
5.072188e+00
0
0
1.643377e+00
3.674723e+00
3.148429e+00
9.100310e+00
1.513248e+01
2.027237e+00
3.702735e+00
4.600124e+01
0
0
3.666779e+01
4.722723e+01
0
0
3.647715e+00
2.314036e+00
2.073882e+00
5.038793e+01
0
0
0
0
0
0
0
-1.878770e-02
1.082800e-01
-7.647640e-02
1.171570e-01
2.856660e-01
-9.511410e-01
-1.107580e-01
3.097290e-01
-9.443520e-01