5.014111e-01
1.102546e+00
-4.715841e-02
4.533281e+00
1.802438e+00
-2.654413e+00
8.918451e-01
7.170192e+00
5.370405e+01
1.463686e+01
1.594981e+00
1.744509e+00
6.116615e+00
1.105922e+01
-3.665226e-01
-5.875629e-03
0
0
0
0
0
0
1.672286e+00
0
0
1.391079e+00
2.632285e+00
3.750300e+00
1.135217e+00
2.463951e+00
2.027237e+00
4.508493e-01
3.426043e+00
0
0
-1.213441e+01
4.158269e+00
0
0
-3.628166e-01
-8.197367e-01
6.688205e+00
1.093411e+01
0
0
0
0
0
0
0
1.306940e-01
5.362990e-02
-1.112510e-02
1.096780e-01
2.723820e-01
-9.559180e-01
-1.698360e-01
2.780690e-01
-9.454280e-01