9.483531e+00
1.102546e+00
2.906108e+01
5.891619e+00
1.802438e+00
-2.654413e+00
7.267166e+00
3.469509e+00
6.622217e+00
1.883263e+01
3.757922e-01
-1.893351e+00
3.774608e+00
6.331184e+00
-3.665226e-01
-1.056454e+00
0
0
0
0
0
0
1.672286e+00
0
0
1.391079e+00
1.250155e+01
1.392497e+01
1.135217e+00
2.463951e+00
2.027237e+00
4.508493e-01
1.015781e+01
0
0
7.408782e+00
3.108274e+00
0
0
-3.628166e-01
-8.197367e-01
5.323932e+00
2.666413e+01
0
0
0
0
0
0
0
1.575970e-01
2.856080e-02
5.378580e-02
9.750300e-02
2.862630e-01
-9.531770e-01
-1.692780e-01
2.893380e-01
-9.421410e-01