2.497268e+00
8.384051e+00
2.234212e+00
7.039789e+00
2.960527e+01
5.041397e+00
1.126611e+01
3.559268e+01
6.899556e+01
4.878161e+01
3.601474e+00
4.703859e+00
1.884188e+01
2.563823e+01
4.650281e+00
6.677947e+00
0
0
0
0
0
0
6.108841e+00
0
0
1.643377e+00
3.674723e+00
3.148429e+00
5.895223e+00
1.513248e+01
2.027237e+00
3.702735e+00
4.104534e+01
0
0
3.851492e+01
4.377884e+01
0
0
4.738188e+00
2.314036e+00
2.073882e+00
4.775380e+01
0
0
0
0
0
0
0
-2.263540e-02
1.082800e-01
-7.878320e-02
1.177970e-01
2.859660e-01
-9.509720e-01
-1.118560e-01
3.093780e-01
-9.443380e-01