5.516405e+00
6.171786e+00
5.967072e+00
3.633645e+01
3.274454e+01
7.642492e+00
1.023160e+01
1.432776e+01
2.018181e+01
2.315779e+00
4.387769e+00
1.744509e+00
5.113618e+00
7.943485e+00
4.220390e+01
1.962239e+01
0
0
0
0
0
0
1.020623e+01
0
0
1.391079e+00
1.617863e+00
2.776102e+00
-3.054417e-03
1.227348e+00
1.370533e+01
5.459366e+00
2.421765e+00
0
0
-1.678561e+00
2.499724e+00
0
0
3.311444e+01
3.184680e+01
2.244541e+00
9.740723e+00
0
0
0
0
0
0
0
1.327810e-01
4.136050e-02
-1.541380e-02
9.498220e-02
2.691460e-01
-9.584040e-01
-1.641030e-01
2.745260e-01
-9.474730e-01