5.667477e+00
1.940960e+00
7.445541e+00
1.260911e+01
3.350516e+00
-6.762759e-02
-1.917409e+00
7.607801e+00
2.318940e+01
4.686759e+01
1.548386e+00
1.744509e+00
7.397111e+00
4.943642e+01
1.860823e+01
3.299335e+00
0
0
0
0
0
0
4.369846e+01
0
0
1.391079e+00
5.122181e+00
1.169268e+01
-3.054417e-03
1.227348e+00
1.733438e+00
9.722136e-01
1.289883e+01
0
0
4.080979e+01
4.766835e+00
0
0
3.123980e+01
1.049169e+01
2.244541e+00
1.934058e+01
0
0
0
0
0
0
0
7.681860e-02
3.847040e-02
-2.145010e-02
1.145980e-01
2.538020e-01
-9.604430e-01
-1.761380e-01
2.640760e-01
-9.482820e-01