4.841072e+00
8.384051e+00
3.242485e+00
7.204492e+00
2.552119e+01
3.429568e+00
1.007899e+01
2.545453e+01
7.217747e+01
5.048288e+01
2.568056e+00
3.379833e+00
2.351486e+01
2.667011e+01
1.374725e+01
4.236839e+00
0
0
0
0
0
0
1.550632e+01
0
0
1.643377e+00
9.894767e+00
3.148429e+00
1.533724e+00
1.170947e+01
2.027237e+00
3.702735e+00
4.757500e+01
0
0
4.612697e+01
3.953546e+01
0
0
6.825846e+00
1.187259e+00
2.073882e+00
4.256820e+01
0
0
0
0
0
0
0
-6.911750e-02
9.560130e-02
-8.005190e-02
1.195610e-01
2.867290e-01
-9.505220e-01
-1.184940e-01
3.128470e-01
-9.423830e-01