2.108578e+00
1.940960e+00
1.587664e+00
9.109366e+00
3.350516e+00
-6.762759e-02
-6.902144e-01
1.262905e+00
2.318940e+01
1.554961e+01
1.548386e+00
1.744509e+00
5.162217e+00
1.550976e+01
2.590635e+00
3.299335e+00
0
0
0
0
0
0
2.367324e+00
0
0
1.391079e+00
2.730940e+00
6.358937e+00
-3.054417e-03
1.227348e+00
1.733438e+00
9.722136e-01
2.504525e+00
0
0
1.335444e-01
2.499724e+00
0
0
6.005336e+00
4.143794e+00
2.244541e+00
5.408547e+00
0
0
0
0
0
0
0
1.504840e-01
5.125500e-02
-1.240800e-02
9.660560e-02
2.770230e-01
-9.559950e-01
-1.615440e-01
2.856600e-01
-9.446170e-01