2.133393e+01
5.422124e+00
3.962643e+01
3.735595e+01
8.199155e+00
4.773410e+00
-1.917409e+00
1.388411e+01
1.941544e+01
2.593577e+01
3.639298e+00
1.744509e+00
6.359799e+00
1.562213e+01
1.578628e+01
3.299335e+00
0
0
0
0
0
0
2.727313e+01
0
0
1.391079e+00
1.450945e+01
2.644931e+01
-3.054417e-03
1.227348e+00
1.733438e+00
5.850495e+00
1.206611e+01
0
0
4.383607e+01
6.853724e+00
0
0
4.894814e+01
2.677938e+01
4.325351e+00
4.022372e+01
0
0
0
0
0
0
0
7.809320e-02
3.740090e-02
-2.066570e-02
1.158380e-01
2.548290e-01
-9.600230e-01
-1.784530e-01
2.651990e-01
-9.475360e-01