4.841072e+00
1.048229e+01
9.545212e-02
7.204492e+00
1.651340e+01
3.429568e+00
1.522512e+01
3.944931e+01
6.209328e+01
3.051225e+01
3.621865e+00
1.814092e+00
1.035477e+01
2.181330e+01
2.380223e+01
1.907140e+01
0
0
0
0
0
0
6.842258e+00
0
0
1.643377e+00
4.317795e+00
3.148429e+00
1.533724e+00
5.974205e+00
2.027237e+00
3.702735e+00
1.349515e+01
0
0
1.647654e+01
1.778152e+01
0
0
8.578855e+00
7.547765e+00
2.073882e+00
2.417340e+01
0
0
0
0
0
0
0
4.298700e-02
8.534530e-02
-4.488210e-02
1.124990e-01
2.893840e-01
-9.505790e-01
-1.447070e-01
3.052980e-01
-9.411980e-01