9.534531e+00
-1.037618e+00
1.502019e+01
2.326973e+01
9.239733e+00
3.222076e+00
-2.444461e+00
4.546353e+00
7.429297e+00
2.034781e+01
5.012062e+00
1.744509e+00
8.842397e+00
1.070067e+01
6.364120e-01
-5.875629e-03
0
0
0
0
0
0
1.754112e+00
0
0
1.391079e+00
2.632285e+00
2.811337e+00
1.135217e+00
1.227348e+00
2.027237e+00
5.336726e+00
3.426043e+00
0
0
-9.689767e+00
5.608909e+00
0
0
3.688606e+00
7.507607e+00
4.991599e+00
1.149315e+01
0
0
0
0
0
0
0
2.948100e-01
5.346920e-02
-2.608030e-02
1.028890e-01
2.782820e-01
-9.549730e-01
-1.657080e-01
2.887500e-01
-9.429550e-01