3.251704e+00
6.129311e+00
4.751072e+00
3.700064e+01
2.707932e+01
6.638341e+00
-2.171201e-02
6.724051e+00
2.172592e+01
3.319716e+00
1.750419e+00
1.744509e+00
4.084297e+00
5.711324e+00
1.717229e+01
8.617202e+00
0
0
0
0
0
0
1.400785e+01
0
0
1.391079e+00
1.617863e+00
2.776102e+00
1.135217e+00
1.227348e+00
1.106412e+01
3.085976e+00
2.421765e+00
0
0
-5.467439e+00
3.574699e+00
0
0
2.624570e+01
2.593366e+01
2.244541e+00
6.039065e+00
0
0
0
0
0
0
0
1.339540e-01
4.758610e-02
-1.604590e-02
9.573550e-02
2.688560e-01
-9.584110e-01
-1.623930e-01
2.747390e-01
-9.477060e-01