2.497268e+00
1.758155e+01
7.487729e-01
2.061315e+01
3.849305e+01
5.041397e+00
1.126611e+01
4.146494e+01
7.013191e+01
3.488598e+01
2.448962e+00
1.578819e+00
1.333197e+01
1.840900e+01
7.294151e+00
1.295877e+01
0
0
0
0
0
0
2.527409e+00
0
0
1.643377e+00
3.674723e+00
5.248767e+00
1.026595e+01
2.169738e+01
2.027237e+00
3.702735e+00
2.553610e+01
0
0
2.436350e+01
3.900086e+01
0
0
2.440552e+00
6.382015e+00
2.073882e+00
4.333894e+01
0
0
0
0
0
0
0
-1.453840e-02
9.573320e-02
-7.888020e-02
1.219630e-01
2.918160e-01
-9.486670e-01
-1.133440e-01
3.208070e-01
-9.403380e-01