4.841072e+00
8.384051e+00
1.113229e+00
7.204492e+00
1.758661e+01
3.429568e+00
1.719264e+01
3.944931e+01
6.447420e+01
3.051225e+01
3.621865e+00
1.814092e+00
1.265215e+01
2.534445e+01
2.638376e+01
2.197453e+01
0
0
0
0
0
0
8.251289e+00
0
0
1.643377e+00
4.317795e+00
3.148429e+00
1.533724e+00
5.974205e+00
2.027237e+00
3.702735e+00
1.814848e+01
0
0
2.133134e+01
1.947029e+01
0
0
9.828438e+00
7.547765e+00
2.073882e+00
2.929983e+01
0
0
0
0
0
0
0
3.378670e-02
8.649450e-02
-4.709320e-02
1.133780e-01
2.928750e-01
-9.494050e-01
-1.428290e-01
3.099890e-01
-9.399500e-01