8.337072e+00
2.570698e+00
1.146367e+01
6.681416e+00
6.796803e+00
2.199461e+00
6.123102e+00
9.627346e+00
6.389347e+00
1.104552e+01
1.484363e+00
1.744509e+00
5.153455e+00
3.222928e+00
1.506560e+01
4.656145e+00
0
0
0
0
0
0
2.704806e+00
0
0
1.391079e+00
6.024475e+00
2.850882e+00
-3.054417e-03
1.227348e+00
1.733438e+00
1.324396e+00
4.667859e+00
0
0
-1.272257e+01
7.891885e+00
0
0
7.639509e+00
3.726869e+00
5.385257e+00
2.130161e+01
0
0
0
0
0
0
0
1.251400e-01
4.244980e-02
2.954800e-02
8.359320e-02
2.832160e-01
-9.554060e-01
-1.796010e-01
2.787580e-01
-9.434180e-01