5.516405e+00
3.723009e+00
5.967072e+00
3.633645e+01
3.274454e+01
7.642492e+00
1.183061e+01
1.598312e+01
2.018181e+01
2.315779e+00
4.387769e+00
1.744509e+00
5.113618e+00
7.943485e+00
4.486948e+01
2.090979e+01
0
0
0
0
0
0
6.757789e+00
0
0
1.391079e+00
1.617863e+00
2.776102e+00
-3.054417e-03
1.227348e+00
1.370533e+01
7.412601e+00
2.421765e+00
0
0
-1.746684e+00
2.499724e+00
0
0
3.311444e+01
3.184680e+01
2.244541e+00
9.740723e+00
0
0
0
0
0
0
0
1.305180e-01
4.081080e-02
-1.509590e-02
9.516930e-02
2.694810e-01
-9.582910e-01
-1.637810e-01
2.748110e-01
-9.474460e-01