2.618365e+01
6.890132e+00
3.443753e+01
5.914349e+00
1.352353e+01
-1.482135e-01
6.201819e+00
2.041106e-01
3.490348e+00
1.874455e+01
3.757922e-01
-2.899826e+00
1.741015e+01
2.119011e+01
6.516769e-01
-1.056454e+00
0
0
0
0
0
0
4.708084e+00
0
0
2.870278e+00
4.005197e+01
1.129785e+01
9.029090e+00
2.463951e+00
2.027237e+00
4.508493e-01
2.920517e+00
0
0
-2.097355e+01
2.678001e+01
0
0
-3.628166e-01
-8.197367e-01
1.557291e+01
4.528118e+01
0
0
0
0
0
0
0
1.891530e-01
2.984930e-02
9.200840e-02
6.317330e-02
3.052940e-01
-9.501600e-01
-2.041880e-01
2.703060e-01
-9.408730e-01