5.014111e-01
-1.037618e+00
-4.715841e-02
4.533281e+00
1.802438e+00
-2.654413e+00
-3.634810e+00
6.074052e+00
6.918785e+01
2.129550e+01
6.373132e+00
1.744509e+00
2.597419e+01
2.533049e+01
-3.665226e-01
-5.875629e-03
0
0
0
0
0
0
1.672286e+00
0
0
1.391079e+00
2.632285e+00
2.727009e+00
1.135217e+00
1.227348e+00
2.027237e+00
4.508493e-01
3.426043e+00
0
0
-9.358279e+00
6.532576e+00
0
0
-3.628166e-01
-8.197367e-01
7.736247e+00
2.166865e+01
0
0
0
0
0
0
0
2.186210e-01
5.731650e-02
-2.015680e-02
1.094070e-01
2.841650e-01
-9.525130e-01
-1.712200e-01
2.896050e-01
-9.417070e-01