5.014111e-01
-1.037618e+00
-4.715841e-02
4.533281e+00
1.802438e+00
-2.654413e+00
-4.708775e+00
6.074052e+00
6.581551e+01
2.129550e+01
8.942694e+00
1.744509e+00
3.606390e+01
3.036326e+01
-3.665226e-01
-5.875629e-03
0
0
0
0
0
0
2.764910e+00
0
0
1.391079e+00
2.632285e+00
1.678557e+00
1.135217e+00
1.227348e+00
2.027237e+00
4.508493e-01
3.426043e+00
0
0
-6.011029e+00
6.532576e+00
0
0
-3.628166e-01
-8.197367e-01
7.736247e+00
1.993591e+01
0
0
0
0
0
0
0
2.423400e-01
5.320280e-02
-2.478560e-02
1.069690e-01
2.810680e-01
-9.537080e-01
-1.716460e-01
2.862770e-01
-9.426470e-01