9.281796e+00
1.730445e+01
6.544030e+01
6.980060e+01
6.610502e+01
3.918086e+01
2.592108e+01
-2.553466e+00
7.179411e+01
2.436421e+01
3.992625e+01
1.892223e+01
4.386796e+00
5.781755e+01
4.563136e+01
2.591549e+01
0
0
0
0
0
0
2.527409e+00
0
0
1.514832e+01
4.693847e+00
1.633383e+01
5.028936e+01
2.169738e+01
4.778800e+01
1.604741e+01
1.850138e+01
0
0
2.747980e+01
3.844094e+01
0
0
1.985650e-01
2.615662e+01
5.818903e+01
6.132058e+01
0
0
0
0
0
0
0
1.107920e-01
6.317460e-02
-1.998280e-01
1.422500e-01
2.527720e-01
-9.570120e-01
-1.099780e-01
3.051400e-01
-9.459360e-01