1.990585e+01
7.942764e+00
1.704052e+00
5.914349e+00
6.456375e+00
2.311402e+00
4.978661e+00
1.291071e+01
1.825177e+01
1.997782e+01
1.436690e+00
-2.899826e+00
1.199383e+01
1.550161e+01
5.587021e+00
2.091924e+00
0
0
0
0
0
0
1.345148e+00
0
0
1.643377e+00
4.247033e+01
3.621609e+01
4.109210e+00
2.463951e+00
2.027237e+00
1.482415e+00
2.920517e+00
0
0
-2.179831e+01
3.406507e+01
0
0
-3.628166e-01
3.306118e-01
4.113044e+01
5.211384e+01
0
0
0
0
0
0
0
1.371820e-01
4.778790e-02
7.849900e-03
8.118420e-02
2.980540e-01
-9.510900e-01
-1.910410e-01
2.762490e-01
-9.419080e-01