2.616180e+00
1.102546e+00
9.667874e-01
4.533281e+00
1.802438e+00
-2.654413e+00
6.121667e+00
7.170192e+00
1.799535e+01
1.618277e+01
3.757922e-01
-5.867807e-01
3.774608e+00
8.223215e+00
-3.665226e-01
-5.875629e-03
0
0
0
0
0
0
1.672286e+00
0
0
1.391079e+00
3.647038e+00
5.931289e+00
1.135217e+00
2.463951e+00
2.027237e+00
4.508493e-01
3.426043e+00
0
0
-8.286667e+00
3.108274e+00
0
0
-3.628166e-01
-8.197367e-01
5.323932e+00
1.315156e+01
0
0
0
0
0
0
0
1.357150e-01
4.798580e-02
-3.326120e-04
1.012070e-01
2.800790e-01
-9.546270e-01
-1.614110e-01
2.875420e-01
-9.440690e-01