4.364036e+00
1.940960e+00
5.033011e+00
1.260911e+01
3.350516e+00
-6.762759e-02
-1.917409e+00
7.607801e+00
2.318940e+01
4.686759e+01
1.548386e+00
1.744509e+00
7.397111e+00
4.943642e+01
1.738086e+01
3.299335e+00
0
0
0
0
0
0
4.369846e+01
0
0
1.391079e+00
5.122181e+00
1.064376e+01
-3.054417e-03
1.227348e+00
1.733438e+00
9.722136e-01
1.289883e+01
0
0
4.015554e+01
4.766835e+00
0
0
2.826926e+01
8.360072e+00
2.244541e+00
1.739297e+01
0
0
0
0
0
0
0
7.866690e-02
3.889800e-02
-2.145010e-02
1.138870e-01
2.555900e-01
-9.600540e-01
-1.755210e-01
2.656470e-01
-9.479580e-01