3.338092e+00
1.940960e+00
1.587664e+00
1.152277e+01
3.350516e+00
-6.762759e-02
-1.917409e+00
3.868905e+00
2.318940e+01
4.686759e+01
1.548386e+00
1.744509e+00
7.397111e+00
4.943642e+01
6.639328e+00
3.299335e+00
0
0
0
0
0
0
4.241562e+01
0
0
1.391079e+00
5.122181e+00
9.577185e+00
-3.054417e-03
1.227348e+00
1.733438e+00
9.722136e-01
1.083544e+01
0
0
3.588348e+01
4.766835e+00
0
0
2.172684e+01
4.143794e+00
2.244541e+00
1.210716e+01
0
0
0
0
0
0
0
1.200040e-01
5.059200e-02
-2.217120e-02
1.116580e-01
2.567540e-01
-9.600050e-01
-1.761270e-01
2.656270e-01
-9.478510e-01