5.516405e+00
2.635346e+00
4.931333e+00
2.825424e+01
3.157667e+01
5.113737e+00
1.320219e+01
1.733058e+01
2.324050e+01
2.315779e+00
4.387769e+00
1.744509e+00
5.113618e+00
9.861881e+00
4.486948e+01
2.367944e+01
0
0
0
0
0
0
9.629309e+00
0
0
1.391079e+00
1.617863e+00
2.776102e+00
-3.054417e-03
1.227348e+00
1.116946e+01
7.412601e+00
2.421765e+00
0
0
-2.326073e+00
2.499724e+00
0
0
2.943386e+01
3.184680e+01
2.244541e+00
9.740723e+00
0
0
0
0
0
0
0
1.300380e-01
4.062560e-02
-1.454540e-02
9.521230e-02
2.707000e-01
-9.579440e-01
-1.628930e-01
2.764410e-01
-9.471250e-01