3.618267e+00
1.862889e+01
4.694424e+01
7.268879e+01
5.756015e+01
3.179190e+01
8.694694e+00
-1.127191e+00
7.055636e+01
1.930915e+01
1.022923e+01
4.888416e+00
4.386796e+00
3.266156e+01
3.006406e+01
2.591549e+01
0
0
0
0
0
0
2.527409e+00
0
0
1.514832e+01
4.693847e+00
1.633383e+01
3.352007e+01
2.169738e+01
3.829660e+01
3.702735e+00
3.980845e+00
0
0
1.172893e+01
3.241786e+01
0
0
1.985650e-01
1.586123e+01
1.102026e+01
5.236144e+01
0
0
0
0
0
0
0
2.001270e-02
6.560580e-02
-1.497670e-01
1.346080e-01
2.623180e-01
-9.555470e-01
-1.160450e-01
3.093140e-01
-9.438530e-01