5.516405e+00
7.331692e+00
5.967072e+00
3.633645e+01
3.383528e+01
7.642492e+00
6.936799e+00
1.080599e+01
2.018181e+01
3.319716e+00
3.240640e+00
1.744509e+00
5.113618e+00
7.943485e+00
3.505848e+01
1.470933e+01
0
0
0
0
0
0
1.787852e+01
0
0
1.391079e+00
1.617863e+00
2.776102e+00
-3.054417e-03
1.227348e+00
1.150552e+01
4.249034e+00
2.421765e+00
0
0
-2.446905e+00
3.574699e+00
0
0
3.311444e+01
3.184680e+01
2.244541e+00
9.740723e+00
0
0
0
0
0
0
0
1.276470e-01
4.286080e-02
-1.609930e-02
9.515020e-02
2.693710e-01
-9.583240e-01
-1.636810e-01
2.744560e-01
-9.475660e-01