4.752385e+00
1.862889e+01
5.303310e+01
7.268879e+01
5.889731e+01
3.328917e+01
1.264235e+01
-2.553466e+00
7.055636e+01
1.930915e+01
1.321920e+01
4.888416e+00
4.386796e+00
4.056332e+01
3.538905e+01
2.591549e+01
0
0
0
0
0
0
2.527409e+00
0
0
1.514832e+01
4.693847e+00
1.633383e+01
3.704601e+01
2.169738e+01
4.778800e+01
5.577941e+00
5.441618e+00
0
0
1.526448e+01
3.620510e+01
0
0
1.985650e-01
1.715297e+01
1.988928e+01
5.339664e+01
0
0
0
0
0
0
0
3.712040e-02
6.560580e-02
-1.582970e-01
1.366350e-01
2.606930e-01
-9.557040e-01
-1.159080e-01
3.081340e-01
-9.442560e-01