1.324883e+01
9.817377e+00
5.347637e+01
5.014104e+01
5.539532e+01
2.790798e+01
-8.514699e-01
-2.553466e+00
6.739319e+01
2.091383e+00
1.261145e+01
1.659188e+00
6.628636e+00
4.976779e+01
6.668503e+00
2.489065e+01
0
0
0
0
0
0
2.527409e+00
0
0
1.396616e+01
2.596587e+00
1.633383e+01
7.206943e+00
1.156719e+01
4.778800e+01
0
1.038976e+00
0
0
-1.087404e+01
1.080943e+01
0
0
1.985650e-01
2.177800e+01
1.899607e+01
5.840254e+01
0
0
0
0
0
0
0
1.207190e-01
6.735540e-02
-1.321960e-01
1.461590e-01
2.413500e-01
-9.593690e-01
-1.052470e-01
3.036880e-01
-9.469410e-01