7.738422e+00
6.745811e+00
9.545212e-02
5.914349e+00
8.300260e+00
1.205514e+00
1.296965e+00
1.151624e+01
2.783031e+01
1.997782e+01
2.549901e+00
7.951562e-01
6.594729e+00
5.043857e+00
5.587021e+00
2.091924e+00
0
0
0
0
0
0
1.345148e+00
0
0
1.643377e+00
2.924668e+01
2.300458e+01
1.533724e+00
2.463951e+00
2.027237e+00
1.482415e+00
2.920517e+00
0
0
-2.164574e+01
2.012262e+01
0
0
-3.628166e-01
1.343282e+00
2.432424e+01
4.194815e+01
0
0
0
0
0
0
0
1.010240e-01
5.766130e-02
-8.023000e-03
1.013540e-01
2.916850e-01
-9.511290e-01
-1.678190e-01
2.913300e-01
-9.417880e-01