4.841072e+00
8.384051e+00
3.242485e+00
7.204492e+00
2.552119e+01
3.429568e+00
1.007899e+01
2.876826e+01
6.957287e+01
5.048288e+01
2.568056e+00
3.379833e+00
2.351486e+01
2.667011e+01
1.531555e+01
5.434611e+00
0
0
0
0
0
0
1.550632e+01
0
0
1.643377e+00
1.100521e+01
3.148429e+00
1.533724e+00
1.170947e+01
2.027237e+00
3.702735e+00
4.595781e+01
0
0
4.612210e+01
4.210300e+01
0
0
6.825846e+00
1.187259e+00
2.073882e+00
4.256820e+01
0
0
0
0
0
0
0
-6.857590e-02
9.486160e-02
-8.004150e-02
1.190280e-01
2.881880e-01
-9.501470e-01
-1.177690e-01
3.141470e-01
-9.420420e-01