4.841072e+00
8.384051e+00
3.242485e+00
7.204492e+00
2.552119e+01
3.429568e+00
1.339086e+01
3.607037e+01
6.827057e+01
4.910683e+01
2.568056e+00
4.528181e+00
2.351486e+01
2.667011e+01
1.965935e+01
1.615035e+01
0
0
0
0
0
0
1.550632e+01
0
0
1.643377e+00
9.059975e+00
3.148429e+00
1.533724e+00
1.170947e+01
2.027237e+00
3.702735e+00
4.595781e+01
0
0
4.179234e+01
4.342208e+01
0
0
6.825846e+00
2.496819e+00
2.073882e+00
4.064965e+01
0
0
0
0
0
0
0
-6.549300e-02
9.278690e-02
-7.900120e-02
1.188060e-01
2.936420e-01
-9.485040e-01
-1.197760e-01
3.176210e-01
-9.406220e-01