1.989365e+00
6.745811e+00
9.545212e-02
7.107107e+00
8.300260e+00
1.205514e+00
5.291072e-02
7.110696e+00
3.390859e+01
9.629699e+00
2.549901e+00
7.951562e-01
6.594729e+00
1.918649e+00
5.643189e-01
2.091924e+00
0
0
0
0
0
0
1.345148e+00
0
0
1.643377e+00
2.148878e+00
4.261176e+00
1.533724e+00
2.463951e+00
2.027237e+00
1.482415e+00
2.920517e+00
0
0
-1.996703e+01
6.877988e+00
0
0
2.161212e+00
1.343282e+00
4.374205e+00
8.508486e+00
0
0
0
0
0
0
0
7.944230e-02
5.751290e-02
-2.844440e-02
1.070570e-01
2.851030e-01
-9.525000e-01
-1.521380e-01
2.948410e-01
-9.433570e-01