6.677701e+00
1.102546e+00
1.528380e+01
4.533281e+00
1.802438e+00
-2.654413e+00
7.267166e+00
4.554189e+00
6.622217e+00
1.778467e+01
3.757922e-01
-1.893351e+00
3.774608e+00
6.331184e+00
-3.665226e-01
-1.056454e+00
0
0
0
0
0
0
1.672286e+00
0
0
1.391079e+00
7.414816e+00
9.402018e+00
1.135217e+00
2.463951e+00
2.027237e+00
4.508493e-01
5.098340e+00
0
0
3.039997e+00
3.108274e+00
0
0
-3.628166e-01
-8.197367e-01
5.323932e+00
2.367290e+01
0
0
0
0
0
0
0
1.489890e-01
3.858840e-02
2.313650e-02
1.004590e-01
2.824190e-01
-9.540170e-01
-1.646200e-01
2.880680e-01
-9.433540e-01