2.497268e+00
8.384051e+00
3.242485e+00
8.260788e+00
2.669849e+01
3.336860e+00
1.007899e+01
2.646435e+01
6.899556e+01
4.878161e+01
2.568056e+00
3.379833e+00
2.053243e+01
2.563823e+01
4.550206e+00
4.236839e+00
0
0
0
0
0
0
8.703046e+00
0
0
1.643377e+00
4.681066e+00
3.148429e+00
2.551859e+00
1.675462e+01
2.027237e+00
3.702735e+00
3.913686e+01
0
0
4.136481e+01
3.898386e+01
0
0
5.752228e+00
1.187259e+00
2.073882e+00
4.359601e+01
0
0
0
0
0
0
0
-6.911750e-02
9.630370e-02
-8.096620e-02
1.178310e-01
2.882270e-01
-9.502850e-01
-1.126530e-01
3.113740e-01
-9.435870e-01