2.497268e+00
2.595191e+01
7.487729e-01
3.951049e+01
5.756015e+01
8.183038e+00
1.126611e+01
4.220031e+01
6.591959e+01
2.041417e+01
6.976911e+00
4.888416e+00
4.386796e+00
3.338751e+00
7.294151e+00
9.237148e+00
0
0
0
0
0
0
2.527409e+00
0
0
1.643377e+00
8.592749e-01
5.248767e+00
2.135639e+01
2.169738e+01
5.667525e+00
3.702735e+00
3.980845e+00
0
0
-1.276978e+01
2.441704e+01
0
0
2.440552e+00
7.314038e-01
3.259857e+00
4.552560e+01
0
0
0
0
0
0
0
-2.574800e-02
6.736770e-02
-9.675600e-02
1.281310e-01
2.838790e-01
-9.502600e-01
-1.166120e-01
3.215350e-01
-9.396900e-01