1.617192e+01
9.817377e+00
6.932370e+01
5.298443e+01
6.494368e+01
3.743097e+01
1.891806e+01
-2.553466e+00
7.390064e+01
1.833519e+01
3.484242e+01
1.686146e+01
6.628636e+00
5.504753e+01
2.859720e+01
2.489065e+01
0
0
0
0
0
0
2.527409e+00
0
0
1.514832e+01
1.446169e+00
1.633383e+01
3.085081e+01
1.832252e+01
4.778800e+01
1.104382e+01
1.237118e+01
0
0
1.369537e+01
3.420261e+01
0
0
1.985650e-01
2.711838e+01
5.285422e+01
6.249400e+01
0
0
0
0
0
0
0
1.519940e-01
6.754090e-02
-2.104620e-01
1.480920e-01
2.411530e-01
-9.591210e-01
-1.029510e-01
3.032530e-01
-9.473330e-01