3.251704e+00
6.129311e+00
4.751072e+00
3.453040e+01
2.407314e+01
6.638341e+00
-2.171201e-02
4.916101e+00
2.172592e+01
3.319716e+00
1.750419e+00
1.744509e+00
4.084297e+00
4.044783e+00
1.326824e+01
6.966380e+00
0
0
0
0
0
0
1.203468e+01
0
0
1.391079e+00
1.617863e+00
2.776102e+00
1.135217e+00
1.227348e+00
1.000489e+01
3.085976e+00
2.421765e+00
0
0
-5.537672e+00
3.574699e+00
0
0
2.523996e+01
2.593366e+01
2.244541e+00
6.039065e+00
0
0
0
0
0
0
0
1.354630e-01
4.850980e-02
-1.548470e-02
9.549440e-02
2.690470e-01
-9.583810e-01
-1.629550e-01
2.744260e-01
-9.477000e-01