4.841072e+00
8.384051e+00
1.113229e+00
7.204492e+00
2.096710e+01
3.429568e+00
1.880794e+01
4.088621e+01
6.447420e+01
3.604887e+01
3.621865e+00
4.528181e+00
1.922754e+01
2.918654e+01
2.876436e+01
2.323270e+01
0
0
0
0
0
0
1.399194e+01
0
0
1.643377e+00
4.317795e+00
3.148429e+00
1.533724e+00
5.974205e+00
2.027237e+00
3.702735e+00
3.773557e+01
0
0
3.179000e+01
3.428716e+01
0
0
9.828438e+00
7.547765e+00
2.073882e+00
3.484091e+01
0
0
0
0
0
0
0
8.898540e-03
9.013140e-02
-5.978250e-02
1.151660e-01
2.954600e-01
-9.483880e-01
-1.352940e-01
3.163120e-01
-9.389580e-01