1.208480e+01
1.133239e+01
3.363609e+01
4.257725e+01
3.001384e+01
2.502064e+01
-8.514699e-01
-2.553466e+00
6.200628e+01
2.091383e+00
2.501915e+00
-1.733081e+00
6.628636e+00
4.394349e+01
6.668503e+00
2.342128e+01
0
0
0
0
0
0
1.277754e+00
0
0
1.287562e+01
2.596587e+00
1.633383e+01
3.279396e+00
4.553680e+00
4.266690e+01
0
1.038976e+00
0
0
-1.458903e+01
1.080943e+01
0
0
1.985650e-01
1.736223e+01
1.899607e+01
5.704803e+01
0
0
0
0
0
0
0
1.207190e-01
6.735540e-02
-1.138190e-01
1.377950e-01
2.458180e-01
-9.594720e-01
-1.170510e-01
2.990240e-01
-9.470390e-01