4.263459e+00
6.595399e+00
1.587664e+00
1.132027e+01
8.175527e+00
1.024327e+00
1.397644e+00
3.932820e+00
9.724840e+00
7.083172e+00
1.548386e+00
1.744509e+00
5.113618e+00
4.931684e+00
2.590635e+00
4.428823e+00
0
0
0
0
0
0
1.089712e+00
0
0
1.391079e+00
1.617863e+00
6.358937e+00
-3.054417e-03
1.227348e+00
1.733438e+00
1.975754e+00
2.504525e+00
0
0
-4.909029e+00
2.499724e+00
0
0
8.672546e+00
4.143794e+00
2.244541e+00
6.451122e+00
0
0
0
0
0
0
0
1.403320e-01
5.233080e-02
-9.003700e-03
1.005170e-01
2.706980e-01
-9.574020e-01
-1.624860e-01
2.759030e-01
-9.473520e-01