2.497268e+00
8.384051e+00
3.242485e+00
8.260788e+00
2.418812e+01
2.212148e+00
1.007899e+01
2.545453e+01
7.217747e+01
4.878161e+01
2.568056e+00
3.379833e+00
2.053243e+01
2.563823e+01
5.551104e+00
4.236839e+00
0
0
0
0
0
0
9.823110e+00
0
0
1.643377e+00
4.681066e+00
3.148429e+00
1.533724e+00
1.675462e+01
2.027237e+00
3.702735e+00
4.291822e+01
0
0
4.395650e+01
3.786726e+01
0
0
5.752228e+00
1.187259e+00
2.073882e+00
4.253554e+01
0
0
0
0
0
0
0
-6.952050e-02
9.627450e-02
-8.096620e-02
1.185960e-01
2.861230e-01
-9.508250e-01
-1.140910e-01
3.099120e-01
-9.438950e-01