2.133393e+01
5.422124e+00
3.962643e+01
3.864071e+01
8.199155e+00
4.773410e+00
-1.917409e+00
1.174537e+01
1.804323e+01
2.593577e+01
3.639298e+00
1.744509e+00
5.153455e+00
1.562213e+01
1.578628e+01
3.299335e+00
0
0
0
0
0
0
2.562929e+01
0
0
1.391079e+00
1.450945e+01
2.644931e+01
-3.054417e-03
1.227348e+00
1.733438e+00
5.850495e+00
1.206611e+01
0
0
4.405300e+01
6.853724e+00
0
0
5.039275e+01
2.677938e+01
5.356510e+00
4.022372e+01
0
0
0
0
0
0
0
7.809320e-02
3.740090e-02
-2.083230e-02
1.000020e-01
2.681730e-01
-9.581670e-01
-1.434740e-01
2.770350e-01
-9.500880e-01