9.483531e+00
1.102546e+00
4.306365e+01
6.934808e+00
5.784056e+00
-2.654413e+00
7.267166e+00
1.669899e+00
2.440281e+00
1.883263e+01
3.757922e-01
-1.893351e+00
3.774608e+00
9.647536e+00
-3.665226e-01
-1.056454e+00
0
0
0
0
0
0
1.672286e+00
0
0
1.391079e+00
1.503580e+01
1.392497e+01
1.135217e+00
2.463951e+00
2.027237e+00
4.508493e-01
1.015781e+01
0
0
6.902160e+00
3.108274e+00
0
0
-3.628166e-01
-8.197367e-01
5.323932e+00
2.767734e+01
0
0
0
0
0
0
0
1.811350e-01
2.780420e-02
7.139650e-02
9.290050e-02
2.939810e-01
-9.512860e-01
-1.769940e-01
2.916860e-01
-9.399960e-01