2.242498e+00
6.129311e+00
3.136413e+00
1.616067e+01
5.992454e+00
2.213289e+00
-2.444461e+00
2.136157e+00
1.543562e+01
4.543938e+00
1.750419e+00
1.744509e+00
4.084297e+00
4.044783e+00
4.301267e+00
2.443624e+00
0
0
0
0
0
0
1.754112e+00
0
0
1.391079e+00
2.632285e+00
3.836659e+00
1.135217e+00
1.227348e+00
2.027237e+00
1.959420e+00
2.421765e+00
0
0
-6.926288e+00
3.574699e+00
0
0
1.291409e+01
5.748792e+00
2.244541e+00
6.039065e+00
0
0
0
0
0
0
0
1.373340e-01
5.203700e-02
-1.294610e-02
9.702230e-02
2.701270e-01
-9.579240e-01
-1.618540e-01
2.765090e-01
-9.472840e-01