1.489896e+01
-1.037618e+00
1.808012e+01
3.150280e+01
9.239733e+00
3.222076e+00
-2.444461e+00
4.546353e+00
8.606848e+00
2.365091e+01
6.792553e+00
1.744509e+00
1.520771e+01
1.220102e+01
6.364120e-01
-5.875629e-03
0
0
0
0
0
0
1.754112e+00
0
0
1.391079e+00
2.632285e+00
2.811337e+00
1.135217e+00
1.227348e+00
2.027237e+00
1.124382e+01
3.426043e+00
0
0
-8.334297e+00
4.408041e+00
0
0
3.688606e+00
7.507607e+00
4.991599e+00
1.149315e+01
0
0
0
0
0
0
0
2.997970e-01
5.594600e-02
-2.574550e-02
8.690760e-02
2.637090e-01
-9.606790e-01
-1.687260e-01
2.719320e-01
-9.474090e-01