2.108578e+00
1.940960e+00
1.587664e+00
9.109366e+00
3.350516e+00
-6.762759e-02
-6.902144e-01
2.329108e+00
2.318940e+01
1.922915e+01
1.548386e+00
1.744509e+00
5.162217e+00
1.688346e+01
2.590635e+00
3.299335e+00
0
0
0
0
0
0
3.412613e+00
0
0
1.391079e+00
2.730940e+00
6.358937e+00
-3.054417e-03
1.227348e+00
1.733438e+00
9.722136e-01
2.504525e+00
0
0
4.751830e+00
3.556791e+00
0
0
6.005336e+00
4.143794e+00
2.244541e+00
5.408547e+00
0
0
0
0
0
0
0
1.502990e-01
5.125500e-02
-1.912830e-02
9.325890e-02
2.808090e-01
-9.552220e-01
-1.373990e-01
2.878380e-01
-9.477720e-01