5.516405e+00
1.614543e+00
3.795510e+00
2.825424e+01
2.761163e+01
5.113737e+00
1.144680e+01
1.733058e+01
2.324050e+01
2.315779e+00
4.387769e+00
1.744509e+00
5.113618e+00
9.861881e+00
4.486948e+01
2.367944e+01
0
0
0
0
0
0
1.770241e+01
0
0
1.391079e+00
1.617863e+00
2.776102e+00
-3.054417e-03
1.227348e+00
1.007476e+01
7.412601e+00
3.634719e+00
0
0
-2.488920e+00
2.499724e+00
0
0
2.662353e+01
3.184680e+01
2.244541e+00
9.740723e+00
0
0
0
0
0
0
0
1.297850e-01
4.104860e-02
-1.520480e-02
9.603430e-02
2.704170e-01
-9.579420e-01
-1.642640e-01
2.765200e-01
-9.468650e-01