3.953054e+00
6.745811e+00
9.545212e-02
7.107107e+00
8.300260e+00
1.205514e+00
5.291072e-02
9.414349e+00
2.783031e+01
1.595113e+01
2.549901e+00
7.951562e-01
6.594729e+00
3.300875e+00
2.836266e+00
2.091924e+00
0
0
0
0
0
0
1.345148e+00
0
0
1.643377e+00
6.220689e+00
7.995978e+00
1.533724e+00
2.463951e+00
2.027237e+00
1.482415e+00
2.920517e+00
0
0
-2.136200e+01
8.144290e+00
0
0
9.986036e-01
1.343282e+00
8.123916e+00
1.933102e+01
0
0
0
0
0
0
0
9.949290e-02
5.766130e-02
-1.493850e-02
1.057850e-01
2.867920e-01
-9.521340e-01
-1.612250e-01
2.921010e-01
-9.427000e-01