2.618365e+01
6.890132e+00
3.240955e+01
5.914349e+00
1.080880e+01
-1.482135e-01
6.201819e+00
2.041106e-01
3.490348e+00
1.874455e+01
3.757922e-01
-2.899826e+00
1.741015e+01
2.119011e+01
6.516769e-01
-1.056454e+00
0
0
0
0
0
0
3.470412e+00
0
0
1.643377e+00
4.005197e+01
1.247119e+01
7.638448e+00
2.463951e+00
2.027237e+00
4.508493e-01
2.920517e+00
0
0
-2.100385e+01
2.678001e+01
0
0
-3.628166e-01
-8.197367e-01
1.682268e+01
4.528118e+01
0
0
0
0
0
0
0
1.839800e-01
2.988370e-02
9.166110e-02
6.401000e-02
3.053830e-01
-9.500760e-01
-2.034550e-01
2.705970e-01
-9.409480e-01