2.616180e+00
1.102546e+00
2.641759e+00
4.533281e+00
1.802438e+00
-2.654413e+00
6.121667e+00
5.745940e+00
1.373259e+01
1.618277e+01
3.757922e-01
-5.867807e-01
3.774608e+00
6.331184e+00
-3.665226e-01
-1.056454e+00
0
0
0
0
0
0
1.672286e+00
0
0
1.391079e+00
3.647038e+00
5.931289e+00
1.135217e+00
2.463951e+00
2.027237e+00
4.508493e-01
3.426043e+00
0
0
-5.683339e+00
3.108274e+00
0
0
-3.628166e-01
-8.197367e-01
5.323932e+00
1.491488e+01
0
0
0
0
0
0
0
1.366210e-01
4.411550e-02
2.739640e-03
1.010980e-01
2.801110e-01
-9.546290e-01
-1.620870e-01
2.870580e-01
-9.441000e-01