5.516405e+00
7.331692e+00
5.967072e+00
3.839217e+01
3.383528e+01
7.642492e+00
4.313035e+00
9.540050e+00
2.158769e+01
3.319716e+00
1.750419e+00
1.744509e+00
5.113618e+00
7.943485e+00
2.333051e+01
1.126607e+01
0
0
0
0
0
0
2.128502e+01
0
0
1.391079e+00
1.617863e+00
2.776102e+00
-3.054417e-03
1.227348e+00
7.688853e+00
4.249034e+00
2.421765e+00
0
0
-3.775900e+00
3.574699e+00
0
0
3.311444e+01
3.184680e+01
2.244541e+00
8.377578e+00
0
0
0
0
0
0
0
1.279340e-01
4.368530e-02
-1.661250e-02
9.605470e-02
2.716170e-01
-9.576000e-01
-1.635300e-01
2.764830e-01
-9.470030e-01