2.497268e+00
1.512532e+01
7.487729e-01
1.831644e+01
3.740508e+01
5.041397e+00
1.126611e+01
4.146494e+01
7.013191e+01
3.786051e+01
2.448962e+00
2.738656e+00
1.497064e+01
1.948688e+01
7.294151e+00
1.295877e+01
0
0
0
0
0
0
2.527409e+00
0
0
1.643377e+00
3.674723e+00
5.248767e+00
1.026595e+01
2.169738e+01
2.027237e+00
3.702735e+00
3.008814e+01
0
0
2.478449e+01
4.235607e+01
0
0
3.647715e+00
6.382015e+00
2.073882e+00
4.333894e+01
0
0
0
0
0
0
0
-1.453840e-02
9.616350e-02
-7.630980e-02
1.221000e-01
2.936450e-01
-9.480840e-01
-1.139440e-01
3.228260e-01
-9.395740e-01