1.712850e+01
1.102546e+00
4.555532e+01
6.934808e+00
3.097073e+01
-2.654413e+00
6.201819e+00
-8.266793e-01
2.440281e+00
1.996964e+01
3.757922e-01
-1.893351e+00
7.220643e+00
2.226824e+01
6.516769e-01
-1.056454e+00
0
0
0
0
0
0
1.092602e+01
0
0
1.085444e+01
3.000897e+01
5.926241e+00
1.142972e+01
2.463951e+00
2.027237e+00
4.508493e-01
1.015781e+01
0
0
-1.499312e+01
1.834861e+01
0
0
-3.628166e-01
-8.197367e-01
6.453646e+00
3.922451e+01
0
0
0
0
0
0
0
2.011480e-01
2.639980e-02
9.699290e-02
6.880420e-02
2.902400e-01
-9.544770e-01
-1.948610e-01
2.671330e-01
-9.437530e-01