2.383185e+01
7.942764e+00
6.638912e+00
5.914349e+00
6.456375e+00
2.311402e+00
4.978661e+00
8.677427e+00
1.506261e+01
1.874455e+01
1.436690e+00
-2.899826e+00
1.312773e+01
1.770571e+01
5.587021e+00
1.076732e+00
0
0
0
0
0
0
1.345148e+00
0
0
1.643377e+00
4.247033e+01
3.621609e+01
4.109210e+00
2.463951e+00
2.027237e+00
1.482415e+00
2.920517e+00
0
0
-2.174086e+01
3.406507e+01
0
0
-3.628166e-01
3.306118e-01
4.113044e+01
5.211384e+01
0
0
0
0
0
0
0
1.534210e-01
4.212400e-02
2.531110e-02
7.410120e-02
3.000180e-01
-9.510510e-01
-1.966350e-01
2.715950e-01
-9.421100e-01