4.841072e+00
8.384051e+00
1.113229e+00
7.204492e+00
1.758661e+01
3.429568e+00
1.719264e+01
3.944931e+01
6.447420e+01
3.167941e+01
3.621865e+00
3.032866e+00
1.433314e+01
2.534445e+01
2.876436e+01
2.323270e+01
0
0
0
0
0
0
1.078629e+01
0
0
1.643377e+00
4.317795e+00
3.148429e+00
1.533724e+00
5.974205e+00
2.027237e+00
3.702735e+00
2.676680e+01
0
0
2.355810e+01
2.228508e+01
0
0
9.828438e+00
7.547765e+00
2.073882e+00
3.119143e+01
0
0
0
0
0
0
0
2.642580e-02
8.665850e-02
-4.940590e-02
1.139700e-01
2.942140e-01
-9.489200e-01
-1.410370e-01
3.123000e-01
-9.394560e-01