1.815368e+01
7.942764e+00
1.704052e+00
5.914349e+00
6.456375e+00
2.311402e+00
4.978661e+00
1.291071e+01
1.991235e+01
1.997782e+01
2.549901e+00
-1.833254e+00
1.012081e+01
1.390892e+01
5.587021e+00
2.091924e+00
0
0
0
0
0
0
1.345148e+00
0
0
1.643377e+00
4.247033e+01
3.621609e+01
3.054843e+00
2.463951e+00
2.027237e+00
1.482415e+00
2.920517e+00
0
0
-2.183172e+01
3.406507e+01
0
0
-3.628166e-01
1.343282e+00
4.113044e+01
5.211384e+01
0
0
0
0
0
0
0
1.200100e-01
4.784880e-02
2.422890e-03
8.467120e-02
2.969020e-01
-9.511470e-01
-1.868590e-01
2.787900e-01
-9.419980e-01