5.846238e+00
2.570698e+00
8.541017e+00
6.681416e+00
6.796803e+00
2.199461e+00
4.060980e+00
8.553470e+00
8.716665e+00
1.217099e+01
1.484363e+00
1.744509e+00
5.153455e+00
4.701662e+00
1.506560e+01
4.656145e+00
0
0
0
0
0
0
2.704806e+00
0
0
1.391079e+00
6.024475e+00
2.850882e+00
-3.054417e-03
1.227348e+00
1.733438e+00
1.324396e+00
4.667859e+00
0
0
-1.244324e+01
6.827963e+00
0
0
7.639509e+00
3.726869e+00
4.283901e+00
1.815312e+01
0
0
0
0
0
0
0
1.256660e-01
4.335330e-02
2.697320e-02
8.401160e-02
2.918250e-01
-9.527750e-01
-1.799430e-01
2.876270e-01
-9.406870e-01