5.516405e+00
2.635346e+00
5.967072e+00
2.825424e+01
3.274454e+01
6.170238e+00
1.320219e+01
1.733058e+01
2.324050e+01
2.315779e+00
4.387769e+00
1.744509e+00
5.113618e+00
9.861881e+00
4.486948e+01
2.208305e+01
0
0
0
0
0
0
8.283864e+00
0
0
1.391079e+00
1.617863e+00
2.776102e+00
-3.054417e-03
1.227348e+00
1.116946e+01
7.412601e+00
2.421765e+00
0
0
-2.396054e+00
2.499724e+00
0
0
2.754368e+01
3.184680e+01
2.244541e+00
9.740723e+00
0
0
0
0
0
0
0
1.300380e-01
4.058380e-02
-1.454540e-02
9.524490e-02
2.699310e-01
-9.581580e-01
-1.625670e-01
2.754370e-01
-9.474740e-01