3.618267e+00
1.862889e+01
1.701908e+01
7.268879e+01
5.756015e+01
2.010249e+01
6.720867e+00
5.878843e+00
6.813669e+01
1.930915e+01
8.734244e+00
4.888416e+00
4.386796e+00
1.028293e+01
1.265780e+01
1.623927e+01
0
0
0
0
0
0
2.527409e+00
0
0
8.651425e+00
8.592749e-01
1.633383e+01
2.766224e+01
2.169738e+01
2.031392e+01
3.702735e+00
3.980845e+00
0
0
-3.498095e+00
3.052424e+01
0
0
1.985650e-01
6.149246e+00
4.368485e+00
5.236144e+01
0
0
0
0
0
0
0
4.192610e-04
6.560580e-02
-1.373360e-01
1.320490e-01
2.686390e-01
-9.541470e-01
-1.182910e-01
3.129080e-01
-9.423890e-01