6.769606e+00
1.940960e+00
9.399738e+00
1.260911e+01
3.350516e+00
1.228177e+00
-1.917409e+00
7.607801e+00
2.318940e+01
4.686759e+01
1.548386e+00
1.744509e+00
7.397111e+00
4.751638e+01
1.860823e+01
3.299335e+00
0
0
0
0
0
0
4.369846e+01
0
0
1.391079e+00
6.288693e+00
1.169268e+01
-3.054417e-03
1.227348e+00
1.733438e+00
2.084930e+00
1.289883e+01
0
0
4.032233e+01
5.803606e+00
0
0
3.454817e+01
1.430285e+01
2.244541e+00
2.087364e+01
0
0
0
0
0
0
0
7.110010e-02
3.828990e-02
-2.088880e-02
1.145370e-01
2.544210e-01
-9.602870e-01
-1.759480e-01
2.649330e-01
-9.480790e-01