5.516405e+00
2.635346e+00
5.967072e+00
2.825424e+01
3.274454e+01
6.170238e+00
1.320219e+01
1.733058e+01
2.324050e+01
2.315779e+00
4.387769e+00
1.744509e+00
5.113618e+00
9.861881e+00
4.486948e+01
2.367944e+01
0
0
0
0
0
0
8.283864e+00
0
0
1.391079e+00
1.617863e+00
2.776102e+00
-3.054417e-03
1.227348e+00
1.116946e+01
7.412601e+00
2.421765e+00
0
0
-2.356065e+00
2.499724e+00
0
0
2.943386e+01
3.184680e+01
2.244541e+00
9.740723e+00
0
0
0
0
0
0
0
1.300380e-01
4.062560e-02
-1.454540e-02
9.588640e-02
2.705120e-01
-9.579300e-01
-1.627810e-01
2.762670e-01
-9.471950e-01