2.133393e+01
6.834957e+00
3.816746e+01
4.177811e+01
9.206033e+00
6.098790e+00
-1.917409e+00
1.067600e+01
1.662958e+01
2.593577e+01
4.775488e+00
1.744509e+00
5.153455e+00
1.396583e+01
1.578628e+01
3.299335e+00
0
0
0
0
0
0
2.304690e+01
0
0
1.391079e+00
1.450945e+01
2.644931e+01
-3.054417e-03
1.227348e+00
1.733438e+00
5.850495e+00
1.073813e+01
0
0
4.419985e+01
6.853724e+00
0
0
5.039275e+01
2.811898e+01
5.356510e+00
3.819539e+01
0
0
0
0
0
0
0
7.730130e-02
3.588680e-02
-1.910280e-02
1.150620e-01
2.554250e-01
-9.599580e-01
-1.797340e-01
2.664190e-01
-9.469510e-01