1.989365e+00
1.153142e+01
9.545212e-02
8.430080e+00
1.541978e+01
2.311720e+00
2.407090e+00
1.652967e+01
4.601247e+01
1.932251e+01
2.549901e+00
1.814092e+00
6.594729e+00
3.006468e+00
6.634600e+00
7.104099e+00
0
0
0
0
0
0
2.384025e+00
0
0
1.643377e+00
3.195781e+00
3.148429e+00
1.533724e+00
4.779859e+00
2.027237e+00
2.521402e+00
2.920517e+00
0
0
-1.146501e+01
9.283628e+00
0
0
6.646455e+00
2.462287e+00
2.073882e+00
9.818541e+00
0
0
0
0
0
0
0
7.686230e-02
6.548050e-02
-2.966400e-02
1.118570e-01
2.769340e-01
-9.543560e-01
-1.493130e-01
2.923080e-01
-9.445960e-01