2.013845e+01
6.834957e+00
3.226624e+01
3.678794e+01
9.206033e+00
6.098790e+00
-1.917409e+00
1.067600e+01
1.662958e+01
2.767589e+01
4.775488e+00
1.744509e+00
5.153455e+00
1.581084e+01
1.578628e+01
3.299335e+00
0
0
0
0
0
0
3.362461e+01
0
0
1.391079e+00
1.450945e+01
2.746703e+01
-3.054417e-03
1.227348e+00
1.733438e+00
5.850495e+00
1.073813e+01
0
0
4.360139e+01
6.853724e+00
0
0
4.772086e+01
2.549778e+01
6.598022e+00
4.369973e+01
0
0
0
0
0
0
0
7.730130e-02
4.258710e-02
-1.798270e-02
8.972440e-02
2.828930e-01
-9.549460e-01
-1.727710e-01
2.840640e-01
-9.431110e-01