5.846238e+00
2.570698e+00
8.541017e+00
6.681416e+00
6.796803e+00
2.199461e+00
5.064291e+00
8.553470e+00
8.716665e+00
1.104552e+01
1.484363e+00
1.744509e+00
5.153455e+00
3.222928e+00
1.506560e+01
4.656145e+00
0
0
0
0
0
0
2.704806e+00
0
0
1.391079e+00
6.024475e+00
2.850882e+00
-3.054417e-03
1.227348e+00
1.733438e+00
1.324396e+00
4.667859e+00
0
0
-1.283924e+01
7.891885e+00
0
0
7.639509e+00
3.726869e+00
4.283901e+00
1.915684e+01
0
0
0
0
0
0
0
1.251400e-01
4.335330e-02
2.742210e-02
8.385100e-02
2.923300e-01
-9.526340e-01
-1.800180e-01
2.878060e-01
-9.406170e-01