2.497268e+00
1.974326e+01
3.192295e+00
6.255245e+01
5.756015e+01
1.096566e+01
6.720867e+00
1.773721e+01
6.591959e+01
1.930915e+01
8.734244e+00
4.888416e+00
4.386796e+00
3.338751e+00
8.306241e+00
7.772581e+00
0
0
0
0
0
0
2.527409e+00
0
0
3.746899e+00
8.592749e-01
9.666114e+00
2.239079e+01
2.169738e+01
8.871809e+00
3.702735e+00
3.980845e+00
0
0
-1.762066e+01
3.052424e+01
0
0
1.985650e-01
-2.165288e+00
3.259857e+00
5.085865e+01
0
0
0
0
0
0
0
-2.572140e-02
6.560580e-02
-1.191050e-01
1.306460e-01
2.713380e-01
-9.535760e-01
-1.172850e-01
3.149720e-01
-9.418260e-01