4.841072e+00
8.384051e+00
3.242485e+00
7.204492e+00
2.379967e+01
3.429568e+00
1.667570e+01
4.088621e+01
6.827057e+01
4.765950e+01
2.568056e+00
4.528181e+00
2.351486e+01
2.918654e+01
2.589687e+01
2.156370e+01
0
0
0
0
0
0
1.550632e+01
0
0
1.643377e+00
7.656958e+00
3.148429e+00
1.533724e+00
1.066559e+01
2.027237e+00
3.702735e+00
4.490630e+01
0
0
3.818320e+01
4.145251e+01
0
0
8.284202e+00
4.616564e+00
2.073882e+00
3.961571e+01
0
0
0
0
0
0
0
-3.665840e-02
9.186300e-02
-7.577000e-02
1.165550e-01
2.942130e-01
-9.486060e-01
-1.238620e-01
3.167980e-01
-9.403710e-01