1.861998e+01
6.834957e+00
2.984553e+01
3.294276e+01
9.206033e+00
6.098790e+00
-1.917409e+00
9.627346e+00
1.662958e+01
2.767589e+01
4.775488e+00
1.744509e+00
5.153455e+00
1.581084e+01
1.578628e+01
3.299335e+00
0
0
0
0
0
0
3.362461e+01
0
0
1.391079e+00
1.450945e+01
2.746703e+01
-3.054417e-03
1.227348e+00
1.733438e+00
5.850495e+00
1.073813e+01
0
0
4.303036e+01
6.853724e+00
0
0
4.772086e+01
2.402981e+01
6.598022e+00
4.067383e+01
0
0
0
0
0
0
0
7.730130e-02
4.655420e-02
-1.796030e-02
8.635320e-02
2.908050e-01
-9.528770e-01
-1.762760e-01
2.904660e-01
-9.405080e-01