1.580541e+01
2.978566e+00
2.439302e+01
2.905191e+01
4.773807e+00
2.282886e+00
-1.917409e+00
1.362773e+01
1.941544e+01
3.801911e+01
2.630215e+00
1.744509e+00
7.397111e+00
3.217403e+01
1.860823e+01
3.299335e+00
0
0
0
0
0
0
4.116839e+01
0
0
1.391079e+00
1.299201e+01
2.103344e+01
-3.054417e-03
1.227348e+00
1.733438e+00
2.084930e+00
1.473774e+01
0
0
4.108722e+01
5.803606e+00
0
0
4.058121e+01
2.225368e+01
2.244541e+00
2.446612e+01
0
0
0
0
0
0
0
7.110010e-02
3.780330e-02
-2.057120e-02
1.154060e-01
2.548520e-01
-9.600690e-01
-1.778520e-01
2.653640e-01
-9.476030e-01