2.497268e+00
8.384051e+00
2.234212e+00
7.039789e+00
2.960527e+01
5.041397e+00
1.126611e+01
3.559268e+01
6.899556e+01
4.878161e+01
3.601474e+00
5.870913e+00
1.884188e+01
2.563823e+01
4.650281e+00
8.080390e+00
0
0
0
0
0
0
6.108841e+00
0
0
1.643377e+00
3.674723e+00
3.148429e+00
7.140269e+00
1.513248e+01
2.027237e+00
3.702735e+00
4.600124e+01
0
0
3.825104e+01
4.596677e+01
0
0
4.738188e+00
2.314036e+00
2.073882e+00
5.038793e+01
0
0
0
0
0
0
0
-2.213750e-02
1.082800e-01
-7.689470e-02
1.173150e-01
2.880100e-01
-9.504150e-01
-1.110300e-01
3.114640e-01
-9.437490e-01