9.549599e+00
2.570698e+00
1.577098e+01
7.732530e+00
7.902495e+00
2.199461e+00
6.123102e+00
9.627346e+00
6.389347e+00
1.104552e+01
1.484363e+00
1.744509e+00
5.153455e+00
3.222928e+00
1.506560e+01
5.753077e+00
0
0
0
0
0
0
2.704806e+00
0
0
1.391079e+00
6.024475e+00
4.124546e+00
-3.054417e-03
1.227348e+00
1.733438e+00
1.324396e+00
4.667859e+00
0
0
-1.010825e+01
7.891885e+00
0
0
7.639509e+00
4.964359e+00
5.385257e+00
2.379897e+01
0
0
0
0
0
0
0
1.251400e-01
4.174050e-02
3.392880e-02
8.171630e-02
2.926140e-01
-9.527330e-01
-1.819740e-01
2.872190e-01
-9.404210e-01