1.470138e+01
1.102546e+00
4.555532e+01
6.934808e+00
2.699425e+01
-2.654413e+00
6.201819e+00
-8.266793e-01
2.440281e+00
1.996964e+01
3.757922e-01
-1.893351e+00
3.774608e+00
2.226824e+01
6.516769e-01
-1.056454e+00
0
0
0
0
0
0
6.190449e+00
0
0
5.495914e+00
2.751235e+01
5.926241e+00
1.142972e+01
2.463951e+00
2.027237e+00
4.508493e-01
1.015781e+01
0
0
-7.389831e+00
1.378153e+01
0
0
-3.628166e-01
-8.197367e-01
6.453646e+00
3.551660e+01
0
0
0
0
0
0
0
1.982710e-01
2.627320e-02
9.463470e-02
7.325150e-02
2.906160e-01
-9.540320e-01
-1.924520e-01
2.713850e-01
-9.430340e-01