9.534531e+00
-1.037618e+00
1.502019e+01
2.326973e+01
9.239733e+00
3.222076e+00
-2.444461e+00
4.546353e+00
7.429297e+00
2.254740e+01
6.792553e+00
1.744509e+00
1.006825e+01
1.220102e+01
6.364120e-01
-5.875629e-03
0
0
0
0
0
0
1.754112e+00
0
0
1.391079e+00
2.632285e+00
2.811337e+00
1.135217e+00
1.227348e+00
2.027237e+00
5.336726e+00
3.426043e+00
0
0
-8.458208e+00
5.608909e+00
0
0
3.688606e+00
7.507607e+00
4.991599e+00
1.149315e+01
0
0
0
0
0
0
0
2.977230e-01
5.409870e-02
-2.608030e-02
1.030620e-01
2.819730e-01
-9.538710e-01
-1.641980e-01
2.922140e-01
-9.421520e-01