3.130765e+00
-1.037618e+00
4.929889e+00
2.159014e+01
2.272647e+00
-2.654413e+00
-4.708775e+00
3.489966e+00
3.785056e+01
2.222260e+01
6.792553e+00
1.744509e+00
1.420606e+01
1.522205e+01
-3.665226e-01
-5.875629e-03
0
0
0
0
0
0
2.764910e+00
0
0
1.391079e+00
2.632285e+00
1.678557e+00
1.135217e+00
1.227348e+00
2.027237e+00
7.034434e+00
3.426043e+00
0
0
-6.087195e+00
4.408041e+00
0
0
-3.628166e-01
3.787856e-01
6.225261e+00
1.261391e+01
0
0
0
0
0
0
0
2.582050e-01
5.312140e-02
-2.640340e-02
8.814090e-02
2.627330e-01
-9.608340e-01
-1.636950e-01
2.716930e-01
-9.483600e-01