4.841072e+00
8.384051e+00
3.242485e+00
7.204492e+00
2.379967e+01
3.429568e+00
1.528718e+01
3.917410e+01
6.827057e+01
4.765950e+01
2.568056e+00
4.528181e+00
2.351486e+01
2.667011e+01
2.362538e+01
1.882474e+01
0
0
0
0
0
0
1.550632e+01
0
0
1.643377e+00
7.656958e+00
3.148429e+00
1.533724e+00
1.170947e+01
2.027237e+00
3.702735e+00
4.490630e+01
0
0
3.981525e+01
4.145251e+01
0
0
6.825846e+00
2.496819e+00
2.073882e+00
3.961571e+01
0
0
0
0
0
0
0
-3.947700e-02
9.242930e-02
-7.634060e-02
1.175980e-01
2.951730e-01
-9.481790e-01
-1.211040e-01
3.186510e-01
-9.401040e-01