2.497268e+00
1.161431e+01
7.487729e-01
1.179367e+01
3.439684e+01
5.041397e+00
1.126611e+01
4.146494e+01
7.013191e+01
4.120760e+01
2.448962e+00
4.230488e+00
1.766926e+01
2.059862e+01
7.294151e+00
1.492737e+01
0
0
0
0
0
0
3.573045e+00
0
0
1.643377e+00
3.674723e+00
4.173786e+00
1.026595e+01
2.169738e+01
2.027237e+00
3.702735e+00
4.128704e+01
0
0
2.751953e+01
4.758179e+01
0
0
3.647715e+00
6.382015e+00
2.073882e+00
4.775176e+01
0
0
0
0
0
0
0
-1.185140e-02
9.754530e-02
-7.630980e-02
1.225620e-01
2.976350e-01
-9.467800e-01
-1.122150e-01
3.259240e-01
-9.387130e-01