2.133393e+01
4.383101e+00
3.166601e+01
3.368001e+01
5.794434e+00
3.496295e+00
-1.917409e+00
1.482151e+01
1.941544e+01
3.060150e+01
3.639298e+00
1.744509e+00
7.397111e+00
1.999544e+01
1.860823e+01
3.299335e+00
0
0
0
0
0
0
3.454636e+01
0
0
1.391079e+00
1.450945e+01
2.644931e+01
-3.054417e-03
1.227348e+00
1.733438e+00
3.166561e+00
1.356758e+01
0
0
4.398778e+01
5.803606e+00
0
0
4.676112e+01
2.641003e+01
4.325351e+00
3.781203e+01
0
0
0
0
0
0
0
7.110010e-02
3.771800e-02
-2.057120e-02
1.153310e-01
2.548590e-01
-9.600760e-01
-1.777220e-01
2.653690e-01
-9.476260e-01