4.263459e+00
2.623598e+00
3.795510e+00
2.277708e+01
1.869149e+01
4.104631e+00
8.115824e+00
1.345252e+01
2.549591e+01
2.315779e+00
4.387769e+00
1.744509e+00
5.113618e+00
9.861881e+00
3.382286e+01
1.513715e+01
0
0
0
0
0
0
8.806458e+00
0
0
1.391079e+00
1.617863e+00
2.776102e+00
-3.054417e-03
1.227348e+00
1.007476e+01
7.412601e+00
3.634719e+00
0
0
-3.125602e+00
2.499724e+00
0
0
2.498260e+01
3.068358e+01
2.244541e+00
8.656327e+00
0
0
0
0
0
0
0
1.277570e-01
4.367850e-02
-1.520480e-02
1.031180e-01
2.832620e-01
-9.534830e-01
-1.635200e-01
2.898110e-01
-9.430120e-01