2.108578e+00
1.940960e+00
1.587664e+00
8.674860e+00
4.371054e+00
1.024327e+00
1.397644e+00
1.262905e+00
1.077473e+01
9.104613e+00
1.548386e+00
1.744509e+00
4.097873e+00
1.223121e+01
2.590635e+00
3.299335e+00
0
0
0
0
0
0
1.089712e+00
0
0
1.391079e+00
1.617863e+00
6.358937e+00
-3.054417e-03
1.227348e+00
1.733438e+00
9.722136e-01
2.504525e+00
0
0
-3.339994e+00
2.499724e+00
0
0
7.125658e+00
4.143794e+00
2.244541e+00
5.408547e+00
0
0
0
0
0
0
0
1.526650e-01
5.241010e-02
-9.317350e-03
9.904560e-02
2.690280e-01
-9.580260e-01
-1.631750e-01
2.746280e-01
-9.476040e-01