3.618267e+00
1.862889e+01
2.925103e+01
7.268879e+01
5.756015e+01
3.054457e+01
6.720867e+00
-1.127191e+00
6.935737e+01
1.930915e+01
8.734244e+00
4.888416e+00
4.386796e+00
1.793049e+01
1.845989e+01
2.591549e+01
0
0
0
0
0
0
2.527409e+00
0
0
1.514832e+01
2.276696e+00
1.633383e+01
3.001623e+01
2.169738e+01
3.122940e+01
3.702735e+00
3.980845e+00
0
0
9.082780e+00
3.052424e+01
0
0
1.985650e-01
1.399559e+01
6.585742e+00
5.236144e+01
0
0
0
0
0
0
0
1.257940e-02
6.560580e-02
-1.419930e-01
1.340670e-01
2.692190e-01
-9.537020e-01
-1.179930e-01
3.144040e-01
-9.419280e-01