2.497268e+00
2.595191e+01
7.487729e-01
3.251161e+01
5.186140e+01
8.183038e+00
1.126611e+01
4.527364e+01
6.591959e+01
2.268306e+01
5.572769e+00
1.578819e+00
5.403366e+00
3.338751e+00
7.294151e+00
1.305865e+01
0
0
0
0
0
0
2.527409e+00
0
0
1.643377e+00
8.592749e-01
5.248767e+00
1.870760e+01
2.169738e+01
3.089114e+00
3.702735e+00
3.980845e+00
0
0
-1.279971e-01
2.609154e+01
0
0
2.440552e+00
6.382015e+00
2.073882e+00
4.179332e+01
0
0
0
0
0
0
0
-1.930670e-02
7.597710e-02
-9.547870e-02
1.251120e-01
2.881700e-01
-9.493710e-01
-1.157160e-01
3.233600e-01
-9.391740e-01