2.618365e+01
6.890132e+00
3.560221e+01
5.914349e+00
1.789149e+01
-1.328275e+00
6.201819e+00
2.041106e-01
3.490348e+00
1.874455e+01
3.757922e-01
-2.899826e+00
1.583589e+01
2.119011e+01
6.516769e-01
-1.056454e+00
0
0
0
0
0
0
5.840928e+00
0
0
5.485043e+00
3.830982e+01
1.013948e+01
9.029090e+00
2.463951e+00
2.027237e+00
4.508493e-01
2.920517e+00
0
0
-2.092715e+01
2.678001e+01
0
0
-3.628166e-01
-8.197367e-01
1.557291e+01
4.528118e+01
0
0
0
0
0
0
0
1.895820e-01
2.817590e-02
9.431950e-02
6.308070e-02
3.056860e-01
-9.500400e-01
-2.041640e-01
2.704970e-01
-9.408230e-01