1.617192e+01
1.226042e+01
7.312725e+01
5.411706e+01
6.753163e+01
4.281499e+01
2.744861e+01
-2.553466e+00
7.390064e+01
3.122576e+01
5.026576e+01
2.416094e+01
6.628636e+00
5.781755e+01
4.438764e+01
2.591549e+01
0
0
0
0
0
0
2.527409e+00
0
0
1.514832e+01
3.362210e+00
1.633383e+01
4.885347e+01
2.169738e+01
4.778800e+01
1.604741e+01
2.423729e+01
0
0
2.669319e+01
4.400844e+01
0
0
1.985650e-01
2.861529e+01
6.421264e+01
6.249400e+01
0
0
0
0
0
0
0
1.519940e-01
6.690240e-02
-2.161990e-01
1.475490e-01
2.391410e-01
-9.597090e-01
-1.035670e-01
3.004520e-01
-9.481570e-01