2.242498e+00
6.129311e+00
3.136413e+00
2.199051e+01
1.046775e+01
3.996986e+00
-1.356221e+00
2.136157e+00
1.655645e+01
3.319716e+00
1.750419e+00
1.744509e+00
4.084297e+00
4.044783e+00
6.109800e+00
3.618788e+00
0
0
0
0
0
0
1.754112e+00
0
0
1.391079e+00
2.632285e+00
3.836659e+00
1.135217e+00
1.227348e+00
2.027237e+00
1.959420e+00
2.421765e+00
0
0
-6.755435e+00
3.574699e+00
0
0
1.445590e+01
1.160157e+01
2.244541e+00
6.039065e+00
0
0
0
0
0
0
0
1.373340e-01
5.124050e-02
-1.332520e-02
9.657680e-02
2.699620e-01
-9.580150e-01
-1.623100e-01
2.762400e-01
-9.472840e-01