2.497268e+00
1.862889e+01
5.419796e+00
6.700464e+01
5.756015e+01
1.227093e+01
6.720867e+00
1.472012e+01
6.591959e+01
1.930915e+01
8.734244e+00
4.888416e+00
4.386796e+00
4.442051e+00
8.306241e+00
8.982108e+00
0
0
0
0
0
0
2.527409e+00
0
0
3.746899e+00
8.592749e-01
1.144029e+01
2.379776e+01
2.169738e+01
1.090474e+01
3.702735e+00
3.980845e+00
0
0
-1.560315e+01
3.052424e+01
0
0
1.985650e-01
2.584021e-01
3.259857e+00
5.236144e+01
0
0
0
0
0
0
0
-2.533340e-02
6.560580e-02
-1.256490e-01
1.304670e-01
2.705960e-01
-9.538110e-01
-1.172660e-01
3.142980e-01
-9.420540e-01