1.989365e+00
1.153142e+01
9.545212e-02
8.430080e+00
1.235148e+01
1.205514e+00
1.054128e+00
8.341233e+00
3.648932e+01
1.348361e+01
2.549901e+00
1.814092e+00
6.594729e+00
1.918649e+00
2.725167e+00
3.300860e+00
0
0
0
0
0
0
1.345148e+00
0
0
1.643377e+00
3.195781e+00
3.148429e+00
1.533724e+00
3.467812e+00
2.027237e+00
1.482415e+00
2.920517e+00
0
0
-1.622626e+01
8.178599e+00
0
0
4.523310e+00
2.462287e+00
2.073882e+00
8.508486e+00
0
0
0
0
0
0
0
7.932440e-02
6.180630e-02
-2.743880e-02
1.114660e-01
2.740730e-01
-9.552270e-01
-1.504420e-01
2.899010e-01
-9.451580e-01