5.014111e-01
-1.037618e+00
-4.715841e-02
9.125143e+00
7.932262e-01
-2.654413e+00
-4.708775e+00
3.489966e+00
4.477950e+01
1.721255e+01
6.792553e+00
1.744509e+00
1.658860e+01
1.712031e+01
-3.665226e-01
-5.875629e-03
0
0
0
0
0
0
2.764910e+00
0
0
1.391079e+00
2.632285e+00
1.678557e+00
1.135217e+00
1.227348e+00
2.027237e+00
4.508493e-01
3.426043e+00
0
0
-7.020312e+00
4.408041e+00
0
0
-3.628166e-01
-8.197367e-01
6.225261e+00
1.459933e+01
0
0
0
0
0
0
0
2.487000e-01
5.231570e-02
-2.616440e-02
9.029700e-02
2.639830e-01
-9.602910e-01
-1.636750e-01
2.730760e-01
-9.479660e-01