2.497268e+00
1.862889e+01
9.286222e+00
6.992251e+01
5.756015e+01
1.488145e+01
6.720867e+00
1.177302e+01
6.694749e+01
1.930915e+01
8.734244e+00
4.888416e+00
4.386796e+00
6.459151e+00
9.756762e+00
1.140116e+01
0
0
0
0
0
0
2.527409e+00
0
0
5.386338e+00
8.592749e-01
1.445454e+01
2.569130e+01
2.169738e+01
1.404113e+01
3.702735e+00
3.980845e+00
0
0
-1.156813e+01
3.052424e+01
0
0
1.985650e-01
2.222017e+00
3.259857e+00
5.236144e+01
0
0
0
0
0
0
0
-1.959450e-02
6.560580e-02
-1.311670e-01
1.303790e-01
2.698980e-01
-9.540210e-01
-1.183810e-01
3.137200e-01
-9.421070e-01