4.263459e+00
6.595399e+00
1.587664e+00
1.132027e+01
9.262472e+00
1.024327e+00
2.454440e+00
5.124594e+00
9.724840e+00
7.083172e+00
1.548386e+00
1.744509e+00
5.113618e+00
4.931684e+00
2.590635e+00
4.428823e+00
0
0
0
0
0
0
1.089712e+00
0
0
1.391079e+00
1.617863e+00
5.286738e+00
-3.054417e-03
1.227348e+00
1.733438e+00
1.975754e+00
2.504525e+00
0
0
-4.854450e+00
2.499724e+00
0
0
8.672546e+00
4.143794e+00
2.244541e+00
6.451122e+00
0
0
0
0
0
0
0
1.386310e-01
5.214880e-02
-9.236630e-03
1.002790e-01
2.714620e-01
-9.572110e-01
-1.624410e-01
2.769010e-01
-9.470690e-01