1.470138e+01
1.102546e+00
4.555532e+01
6.934808e+00
2.699425e+01
-2.654413e+00
6.201819e+00
-8.266793e-01
2.440281e+00
1.996964e+01
3.757922e-01
-1.893351e+00
3.774608e+00
2.120124e+01
6.516769e-01
-1.056454e+00
0
0
0
0
0
0
4.112477e+00
0
0
4.091774e+00
2.582535e+01
5.926241e+00
1.142972e+01
2.463951e+00
2.027237e+00
4.508493e-01
1.015781e+01
0
0
-3.953768e+00
1.149759e+01
0
0
-3.628166e-01
-8.197367e-01
6.453646e+00
3.413539e+01
0
0
0
0
0
0
0
1.957250e-01
2.627240e-02
9.417280e-02
7.823880e-02
2.953330e-01
-9.521850e-01
-1.905700e-01
2.779460e-01
-9.415040e-01