6.665368e+00
1.936195e+00
5.671943e+00
1.472511e+01
6.052122e+00
3.222076e+00
-2.444461e+00
2.136157e+00
6.418357e+00
1.604141e+01
1.750419e+00
1.744509e+00
7.762574e+00
5.068243e+00
6.364120e-01
-5.875629e-03
0
0
0
0
0
0
1.754112e+00
0
0
1.391079e+00
2.632285e+00
2.811337e+00
1.135217e+00
1.227348e+00
2.027237e+00
1.959420e+00
2.421765e+00
0
0
-1.135048e+01
5.608909e+00
0
0
3.688606e+00
4.427255e+00
3.491289e+00
8.740382e+00
0
0
0
0
0
0
0
2.354010e-01
5.015530e-02
-2.608030e-02
1.020460e-01
2.731980e-01
-9.565300e-01
-1.659280e-01
2.822870e-01
-9.448710e-01