2.021568e+01
2.978566e+00
2.750174e+01
3.183449e+01
5.794434e+00
3.496295e+00
-1.917409e+00
1.482151e+01
1.941544e+01
3.441524e+01
2.630215e+00
1.744509e+00
7.397111e+00
2.174323e+01
1.860823e+01
3.299335e+00
0
0
0
0
0
0
3.713621e+01
0
0
1.391079e+00
1.450945e+01
2.498312e+01
-3.054417e-03
1.227348e+00
1.733438e+00
3.166561e+00
1.473774e+01
0
0
4.307868e+01
5.803606e+00
0
0
4.473657e+01
2.393906e+01
3.316056e+00
3.595159e+01
0
0
0
0
0
0
0
7.056060e-02
3.780330e-02
-2.038620e-02
1.153020e-01
2.562170e-01
-9.597180e-01
-1.778410e-01
2.671540e-01
-9.471020e-01