4.263538e+00
6.129311e+00
5.967072e+00
3.839217e+01
3.273892e+01
7.642492e+00
4.313035e+00
7.830070e+00
2.467220e+01
3.319716e+00
1.750419e+00
1.744509e+00
4.084297e+00
7.943485e+00
2.324919e+01
1.126607e+01
0
0
0
0
0
0
1.966659e+01
0
0
1.391079e+00
1.617863e+00
2.776102e+00
-3.054417e-03
1.227348e+00
1.459086e+01
4.249034e+00
2.421765e+00
0
0
-4.006868e+00
3.574699e+00
0
0
2.925443e+01
2.918645e+01
2.244541e+00
7.308952e+00
0
0
0
0
0
0
0
1.301390e-01
4.494160e-02
-1.712840e-02
9.682510e-02
2.704450e-01
-9.578540e-01
-1.620040e-01
2.756510e-01
-9.475080e-01