1.767144e+01
2.978566e+00
2.613070e+01
3.080659e+01
5.794434e+00
3.496295e+00
-1.917409e+00
1.482151e+01
1.941544e+01
3.615711e+01
2.630215e+00
1.744509e+00
7.397111e+00
2.621358e+01
1.860823e+01
3.299335e+00
0
0
0
0
0
0
3.848027e+01
0
0
1.391079e+00
1.299201e+01
2.324153e+01
-3.054417e-03
1.227348e+00
1.733438e+00
3.166561e+00
1.473774e+01
0
0
4.222520e+01
5.803606e+00
0
0
4.194091e+01
2.393906e+01
2.244541e+00
2.924843e+01
0
0
0
0
0
0
0
7.056060e-02
3.780330e-02
-2.057120e-02
9.878990e-02
2.713070e-01
-9.574100e-01
-1.425550e-01
2.802800e-01
-9.492740e-01